data/maps/flood_re.txt
ncols         643
nrows         661
xllcorner     8515.9999992024
yllcorner     47670.999937602
cellsize      1000
NODATA_value  -9999
[rows 310 to 340 of 661, columns 210 to 279 of 643]
0.756028 0.529476 0.234859 0.317867 0.149405 0.153345 0.176345 0.366268 0.170557 0.285783 0.417133 0.327278 0.305226 0.383271 0.295127 0.39319 0.395521 0.471166 0.247738 0.228336 0.311577 0.336047 0.312243 0.366659 0.355293 0.336767 0.170475 0.219451 0.267921 0.173659 0.144649 0.0861436 0.103486 0.121562 0.123747 0.122234 0.135093 0.380995 0.266055 0.121406 0.084239 0.126433 0.114286 0.277634 0.359764 0.275008 0.236884 0.185964 0.171764 0.28932 0.18469 0.575343 0.547697 0.201712 0.290205 0.182046 0.274353 0.20311 0.244322 0.175583 0.133683 0.217507 0.148063 0.322869 0.38659 0.317429 0.332265 0.128896 0.118347 0.197882
0.714066 0.558109 0.576016 0.46058 0.170642 0.192128 0.183347 0.171037 0.423584 0.18232 0.308591 0.357459 0.199652 0.208234 0.185936 0.169978 0.366116 0.484166 0.490763 0.448914 0.404724 0.301237 0.302189 0.32761 0.302232 0.30823 0.218576 0.137808 0.316355 0.289168 0.206692 0.0978119 0.0587574 0.116234 0.0875455 0.148306 0.155631 0.165653 0.605463 0.10065 0.134514 0.189861 0.156027 0.514911 0.232749 0.510105 0.21652 0.350847 0.209409 0.17691 0.351648 0.645556 0.49749 0.256174 0.383133 0.265833 0.32106 0.303087 0.303069 0.188908 0.127599 0.124742 0.14744 0.219261 0.319517 0.24077 0.348786 0.290452 0.113891 0.18874
0.758013 0.639947 0.459916 0.384295 0.199693 0.209346 0.308233 0.155839 0.263874 0.39773 0.359238 0.280345 0.262979 0.320499 0.192791 0.201436 0.240318 0.585394 0.513148 0.443885 0.364853 0.363192 0.385573 0.301514 0.347336 0.311416 0.247055 0.163372 0.202966 0.264796 0.182339 0.186991 0.221018 0.241943 0.128869 0.170203 0.160388 0.214023 0.314871 0.117717 0.136259 0.195552 0.176588 0.659008 0.598829 0.326711 0.343949 0.315347 0.384056 0.2454 0.371196 0.261545 0.407825 0.234921 0.22306 0.229461 0.147315 0.201862 0.123547 0.102092 0.107843 0.187614 0.119725 0.257872 0.454326 0.157409 0.111866 0.27877 0.186558 0.311746
0.766635 0.585654 0.500269 0.538609 0.418541 0.276704 0.0984532 0.146875 0.107195 0.246091 0.101624 0.255128 0.208128 0.257449 0.281706 0.302623 0.440429 0.259662 0.400277 0.368355 0.207616 0.238341 0.360823 0.290497 0.404143 0.203357 0.222687 0.203625 0.269993 0.195906 0.144439 0.20678 0.199658 0.25142 0.11229 0.201818 0.19545 0.149525 0.426014 0.228904 0.421044 0.205265 0.262465 0.477279 0.599641 0.397044 0.360669 0.337473 0.404089 0.516954 0.281136 0.280581 0.350049 0.325465 0.288681 0.266695 0.245292 0.0810012 0.0835999 0.172187 0.204008 0.161823 0.295141 0.374365 0.303364 0.167513 0.0895328 0.104545 0.0919383 0.152262
0.660872 0.679523 0.717844 0.826682 0.317643 0.179853 0.139953 0.154717 0.21711 0.103764 0.122047 0.137302 0.170319 0.27913 0.325437 0.451487 0.360018 0.321581 0.452913 0.41101 0.347875 0.193515 0.400568 0.328882 0.354384 0.478001 0.483698 0.360256 0.247865 0.456548 0.282469 0.162116 0.317055 0.359524 0.162439 0.323728 0.220699 0.140705 0.448336 0.297529 0.37984 0.334592 0.381742 0.479008 0.516234 0.419897 0.434609 0.240986 0.290838 0.396194 0.324947 0.319387 0.246213 0.200093 0.327275 0.313202 0.182562 0.0553236 0.0988354 0.119633 0.137265 0.131416 0.353485 0.534887 0.296127 0.0559879 0.0554867 0.0564016 0.0368847 0.0708837
0.388005 0.675188 0.718054 0.732848 0.443922 0.42807 0.244971 0.128507 0.225393 0.108114 0.0971951 0.126291 0.17474 0.114716 0.166139 0.245846 0.194303 0.180499 0.218519 0.208798 0.441405 0.240691 0.250701 0.442393 0.40977 0.533809 0.526994 0.398976 0.253624 0.398359 0.251972 0.303137 0.291738 0.439068 0.181082 0.220248 0.320535 0.218208 0.236849 0.373109 0.47517 0.576138 0.510942 0.667375 0.457072 0.42183 0.526372 0.286484 0.441909 0.446331 0.540942 0.251244 0.215175 0.168301 0.26151 0.250931 0.0784421 0.123094 0.0841674 0.143193 0.120965 0.17686 0.362011 0.190364 0.133774 0.0608368 0.0298576 0.0368305 0.0366215 0.0473227
0.566091 0.502575 0.317471 0.45892 0.739028 0.51653 0.497392 0.19033 0.150706 0.0770938 0.132942 0.094199 0.297363 0.133765 0.144235 0.227557 0.196815 0.370765 0.186705 0.361159 0.354958 0.355551 0.332922 0.425887 0.439346 0.521639 0.474702 0.40941 0.401501 0.472711 0.513383 0.455306 0.446339 0.18332 0.302322 0.312652 0.219195 0.220032 0.2463 0.288544 0.208847 0.489031 0.559934 0.588402 0.514343 0.469658 0.315017 0.374193 0.334332 0.467624 0.298822 0.347877 0.280215 0.239331 0.285242 0.0995795 0.0873842 0.0855335 0.240617 0.201695 0.218654 0.263591 0.314045 0.18491 0.26481 0.0539082 0.0249347 0.0320862 0.0433995 0.0203111
0.50579 0.232935 0.416562 0.61195 0.617026 0.323728 0.317114 0.132902 0.147786 0.0608 0.0737392 0.102519 0.249169 0.159736 0.15584 0.261519 0.256825 0.148501 0.158752 0.184453 0.138962 0.29944 0.279297 0.413158 0.4151 0.514017 0.438351 0.461894 0.492143 0.453327 0.475322 0.413784 0.554732 0.505402 0.453595 0.286574 0.147199 0.128195 0.113455 0.493384 0.318109 0.423804 0.535315 0.262278 0.430727 0.315625 0.437516 0.308264 0.234188 0.338115 0.223029 0.271164 0.269127 0.184949 0.109703 0.0593421 0.116057 0.0973777 0.387291 0.12678 0.106299 0.140735 0.20364 0.17683 0.181386 0.0655046 0.0877798 0.0389776 0.0436998 0.0306158
0.203363 0.373886 0.521583 0.311528 0.468322 0.672368 0.325155 0.250938 0.410573 0.112283 0.185414 0.158173 0.118174 0.155537 0.326492 0.273885 0.11124 0.0914167 0.0857104 0.122018 0.122789 0.313219 0.300786 0.368139 0.425511 0.655015 0.575011 0.487349 0.564109 0.667851 0.519574 0.414446 0.384707 0.631129 0.284864 0.319599 0.158184 0.163476 0.134867 0.413162 0.24642 0.42458 0.4886 0.337844 0.355167 0.325664 0.348082 0.206769 0.190939 0.176924 0.156975 0.0864844 0.135549 0.142986 0.0860655 0.0501441 0.0540057 0.059614 0.15254 0.0661211 0.0674496 0.120457 0.398248 0.177315 0.349768 0.086061 0.0561637 0.0398316 0.0665729 0.0181048
0.209328 0.194656 0.209253 0.4507 0.336502 0.554949 0.408234 0.180496 0.312355 0.199831 0.262653 0.22633 0.123095 0.132227 0.170597 0.201918 0.184024 0.120375 0.109777 0.137392 0.119639 0.153973 0.337825 0.357777 0.238613 0.443728 0.416298 0.602972 0.490336 0.445402 0.384263 0.367314 0.4432 0.358371 0.525828 0.389781 0.133859 0.1621 0.165311 0.197163 0.206781 0.275258 0.356774 0.570344 0.310323 0.286241 0.232766 0.276485 0.109813 0.162054 0.132955 0.076817 0.0756709 0.215236 0.04729 0.0538906 0.0482213 0.0346425 0.0924187 0.0628631 0.0941166 0.205757 0.188388 0.122165 0.0753979 0.113354 0.0451298 0.0361992 0.0527111 0.0417571
0.306749 0.321366 0.21829 0.299215 0.173374 0.342074 0.549759 0.362183 0.13344 0.125666 0.205594 0.238652 0.269673 0.167708 0.275265 0.157824 0.0974008 0.117863 0.11893 0.145171 0.125926 0.179539 0.0932378 0.213761 0.174063 0.350705 0.38656 0.479516 0.252061 0.33011 0.39917 0.526562 0.293724 0.408453 0.482275 0.272242 0.394617 0.143886 0.123196 0.208926 0.296085 0.20221 0.323923 0.379703 0.249864 0.194676 0.181113 0.136299 0.0990098 0.0677362 0.0612437 0.0763456 0.0770026 0.167382 0.0460702 0.0237518 0.0416993 0.134134 0.0535656 0.0489473 0.0707039 0.166612 0.164607 0.0699884 0.0316533 0.0636326 0.131787 0.0459549 0.0663769 0.0463498
0.318363 0.208734 0.361227 0.175064 0.346059 0.23828 0.274499 0.476703 0.185337 0.0972618 0.369127 0.149395 0.273939 0.384525 0.229267 0.16662 0.143804 0.141868 0.151528 0.155563 0.165886 0.115984 0.0734004 0.0717078 0.193416 0.382674 0.361911 0.628005 0.396183 0.217696 0.427553 0.365046 0.549032 0.498295 0.531671 0.335529 0.21152 0.141364 0.137107 0.10701 0.343157 0.340377 0.397243 0.278574 0.291539 0.124658 0.15166 0.128578 0.0821653 0.136557 0.0701243 0.0654142 0.0550018 0.0717935 0.0623553 0.0239261 0.0241143 0.134454 0.0360212 0.0595354 0.0796927 0.198071 0.0760605 0.091727 0.0418701 0.0932036 0.248392 0.037252 0.0444614 0.0529975
0.266148 0.502726 0.231704 0.315907 0.38215 0.156732 0.165164 0.161642 0.343818 0.256575 0.327085 0.147792 0.203484 0.209732 0.229037 0.222771 0.151955 0.180487 0.167596 0.188255 0.14749 0.0970273 0.197036 0.220461 0.1647 0.295713 0.219371 0.502647 0.451872 0.336221 0.340314 0.506779 0.472183 0.389234 0.423012 0.217342 0.186916 0.180648 0.190779 0.098877 0.3723 0.317792 0.343689 0.0898036 0.137125 0.162726 0.139735 0.188708 0.193986 0.081276 0.0600156 0.0634001 0.0688932 0.0507795 0.0475658 0.0468905 0.0596399 0.0387151 0.0345805 0.0458668 0.154916 0.0707591 0.0405216 0.0510098 0.0383153 0.0566473 0.0640295 0.0850389 0.0732497 0.0749196
0.170267 0.447545 0.443821 0.232398 0.29287 0.23451 0.247927 0.15857 0.241511 0.31233 0.206149 0.320756 0.369753 0.113715 0.157269 0.139332 0.138484 0.1394 0.331016 0.153803 0.282304 0.142456 0.179069 0.138493 0.128683 0.282746 0.202987 0.677734 0.324384 0.392986 0.409072 0.45813 0.378524 0.265234 0.24746 0.456382 0.127256 0.20634 0.285849 0.211788 0.278671 0.211177 0.0973664 0.0700106 0.125999 0.208607 0.141703 0.127757 0.139725 0.305628 0.254298 0.0995646 0.0486981 0.0530098 0.0744495 0.066152 0.0497487 0.0320075 0.0334271 0.0467793 0.135045 0.0551256 0.0220623 0.0668078 0.0329697 0.0390122 0.0344612 0.0637799 0.0908123 0.0762396
0.368337 0.242232 0.500404 0.22014 0.275632 0.457044 0.23408 0.119559 0.112227 0.103132 0.0990957 0.237266 0.20657 0.100888 0.0974718 0.0917327 0.116566 0.13959 0.300262 0.289408 0.215371 0.238432 0.198824 0.144524 0.184157 0.313256 0.328582 0.479418 0.333937 0.25077 0.235396 0.380523 0.286089 0.165784 0.346213 0.204927 0.168406 0.132684 0.278997 0.170325 0.284722 0.205322 0.106744 0.131047 0.125767 0.269054 0.166886 0.219284 0.13766 0.110272 0.113049 0.110767 0.0899044 0.0556131 0.0765327 0.181045 0.0338304 0.0348952 0.0261187 0.0250207 0.0645545 0.0446075 0.0448601 0.0682714 0.0572095 0.0435269 0.0183177 0.031052 0.196563 0.0543612
0.495671 0.61462 0.69757 0.372961 0.419842 0.635844 0.294131 0.147979 0.127262 0.122716 0.107291 0.121916 0.196962 0.077892 0.0846804 0.111819 0.0801547 0.165342 0.126524 0.334615 0.149935 0.250439 0.168324 0.192911 0.379621 0.42908 0.411388 0.281288 0.349653 0.157415 0.165725 0.266367 0.240755 0.221396 0.319841 0.250202 0.174603 0.147273 0.245026 0.266332 0.220683 0.178918 0.157248 0.332096 0.168608 0.325905 0.302052 0.170772 0.197121 0.101131 0.126826 0.11994 0.106905 0.106372 0.0956727 0.104041 0.040653 0.0192268 0.0339855 0.0242791 0.0411537 0.0292869 0.0564817 0.0378826 0.0486496 0.0185079 0.0194415 0.0514684 0.162662 0.162294
0.665443 0.300198 0.728175 0.472134 0.446086 0.519034 0.326962 0.174893 0.134583 0.125821 0.159267 0.0910328 0.175186 0.106063 0.0936577 0.0895487 0.0773898 0.203717 0.327662 0.318295 0.133683 0.195592 0.231349 0.309395 0.334874 0.295941 0.425907 0.428595 0.283975 0.120329 0.145377 0.265028 0.192406 0.341059 0.114514 0.110743 0.14014 0.181675 0.192659 0.340521 0.205711 0.135335 0.217762 0.428937 0.313104 0.449087 0.323417 0.207316 0.256188 0.179136 0.169802 0.169771 0.132525 0.352444 0.187293 0.126777 0.0397469 0.0153328 0.0286251 0.018315 0.0308362 0.0307114 0.0340066 0.0406478 0.072115 0.0699033 0.0360263 0.07141 0.0800939 0.245978
0.51848 0.311607 0.321139 0.758504 0.631941 0.324828 0.138461 0.174765 0.159476 0.179896 0.0878124 0.111507 0.139705 0.153956 0.0651166 0.142154 0.118147 0.206894 0.308951 0.205095 0.141854 0.134301 0.348637 0.226973 0.315443 0.312856 0.423576 0.625519 0.31314 0.143424 0.220367 0.289529 0.280502 0.153661 0.151391 0.120771 0.185497 0.459811 0.178514 0.346348 0.373016 0.14278 0.325644 0.276665 0.451995 0.306843 0.554217 0.445645 0.315508 0.428467 0.351472 0.144724 0.361169 0.158104 0.202434 0.147366 0.0916297 0.022297 0.0239022 0.0277004 0.0203583 0.0267016 0.0255152 0.0538334 0.229958 0.129195 0.0584474 0.103927 0.0630584 0.123708
0.606033 0.424599 0.432209 0.627486 0.513105 0.303689 0.129654 0.159985 0.134327 0.132526 0.0940618 0.114129 0.112299 0.235876 0.0572136 0.0934977 0.103514 0.116304 0.130387 0.146439 0.361336 0.237325 0.280931 0.223492 0.322534 0.200667 0.256405 0.295109 0.374019 0.137633 0.288146 0.298198 0.224167 0.365334 0.278183 0.134056 0.104444 0.557888 0.322833 0.316931 0.192559 0.233932 0.32227 0.342466 0.287286 0.182091 0.300304 0.125913 0.164074 0.239028 0.199517 0.504991 0.396342 0.255381 0.263996 0.251374 0.153564 0.102526 0.0188063 0.0268815 0.025665 0.0232841 0.0764173 0.165217 0.2686 0.218056 0.142393 0.0902316 0.104786 0.188697
0.486398 0.532627 0.476265 0.524462 0.178874 0.155485 0.153287 0.290158 0.145576 0.139272 0.140417 0.122449 0.0854294 0.132428 0.062007 0.121164 0.301205 0.109006 0.11885 0.111755 0.360497 0.137871 0.109842 0.096191 0.127305 0.158226 0.322185 0.307266 0.247884 0.182276 0.187287 0.163384 0.208564 0.207501 0.292966 0.184369 0.147297 0.38499 0.322336 0.504753 0.362222 0.424426 0.361317 0.428129 0.229416 0.120387 0.129132 0.0730785 0.0863455 0.0710911 0.224622 0.317187 0.329092 0.329924 0.225046 0.247857 0.241201 0.155933 0.085684 0.0303874 0.0377066 0.0193919 0.0584028 0.0662426 0.223228 0.231486 0.200417 0.116327 0.138453 0.101856
0.458152 0.84407 0.715027 0.233281 0.188537 0.24213 0.302539 0.203303 0.114125 0.109998 0.113307 0.0895805 0.146642 0.0693482 0.0781618 0.151066 0.148213 0.188472 0.0914941 0.0638444 0.189285 0.142447 0.138715 0.10985 0.105987 0.177587 0.195237 0.225487 0.266195 0.161697 0.193459 0.155615 0.153783 0.36823 0.198613 0.3177 0.470082 0.533079 0.453489 0.237394 0.297078 0.205071 0.14924 0.189936 0.224712 0.209414 0.159031 0.0696561 0.0385563 0.0407491 0.0782414 0.116846 0.225382 0.341037 0.282664 0.293172 0.129351 0.215388 0.0981536 0.0259815 0.0445485 0.02554 0.0531588 0.0813347 0.168137 0.292192 0.151183 0.127076 0.189896 0.160639
0.396157 0.744783 0.526445 0.575254 0.560689 0.352976 0.14989 0.149534 0.115938 0.117884 0.189031 0.219838 0.081594 0.0645722 0.0678491 0.0952061 0.329213 0.108558 0.0678188 0.0587928 0.179594 0.157047 0.132528 0.139976 0.101798 0.192776 0.162103 0.145864 0.262251 0.174245 0.223621 0.254133 0.455693 0.224298 0.458306 0.496173 0.32989 0.320018 0.242888 0.285184 0.225478 0.163459 0.174809 0.310317 0.219429 0.16069 0.100122 0.0462919 0.040322 0.0237468 0.0210123 0.0618292 0.182836 0.19035 0.0975145 0.415586 0.126113 0.094886 0.12741 0.022248 0.0352167 0.0404407 0.018208 0.0501898 0.187906 0.233393 0.323249 0.23415 0.279579 0.272553
0.817989 0.724029 0.774678 0.379074 0.611686 0.357072 0.18994 0.310939 0.275108 0.25769 0.0768245 0.0588161 0.0794537 0.120452 0.162994 0.148105 0.471214 0.168313 0.111827 0.0841768 0.135879 0.229279 0.130982 0.136555 0.119289 0.121682 0.141407 0.230604 0.266061 0.162822 0.159601 0.210418 0.368075 0.127857 0.358374 0.109696 0.151052 0.193663 0.120451 0.23593 0.320081 0.0958195 0.13139 0.186053 0.285154 0.18248 0.07113 0.0497645 0.035567 0.0398712 0.0191651 0.0712835 0.236553 0.0867113 0.0560607 0.172649 0.246487 0.174006 0.156653 0.079148 0.0252985 0.0368094 0.0342806 0.0681586 0.162299 0.299947 0.191967 0.0747729 0.214947 0.329772
0.788511 0.67164 0.371144 0.138047 0.181655 0.117763 0.423581 0.22369 0.208402 0.189624 0.120019 0.0878782 0.0734534 0.107865 0.350252 0.144767 0.0994055 0.132912 0.150128 0.199015 0.296303 0.220091 0.128237 0.141237 0.204119 0.123811 0.159642 0.250538 0.389372 0.178054 0.305833 0.422133 0.231896 0.165686 0.08029 0.0529016 0.239847 0.0939286 0.135183 0.160779 0.224283 0.176619 0.0904466 0.118446 0.139209 0.266253 0.0819101 0.140553 0.0275609 0.0217041 0.0218285 0.269977 0.154359 0.124662 0.0609333 0.0958267 0.28732 0.389802 0.33018 0.208615 0.205953 0.104714 0.0954593 0.0824088 0.0811581 0.14571 0.0800625 0.102184 0.218124 0.171152
0.603327 0.397566 0.177377 0.118422 0.165388 0.110078 0.180105 0.201249 0.19061 0.229607 0.128084 0.108289 0.0924304 0.0921952 0.326558 0.10302 0.124402 0.116823 0.080192 0.123823 0.164895 0.343745 0.270597 0.375517 0.222476 0.196811 0.162522 0.175002 0.593615 0.306767 0.154239 0.160305 0.170637 0.0695235 0.0707249 0.070614 0.212477 0.197845 0.226342 0.241947 0.202567 0.320576 0.0792972 0.045871 0.0506466 0.174122 0.214742 0.050339 0.0298366 0.0253944 0.0934908 0.0372935 0.0268767 0.119009 0.124294 0.107288 0.112792 0.290278 0.343527 0.244175 0.263727 0.168963 0.0779649 0.0607817 0.10259 0.100812 0.407689 0.109855 0.148845 0.399879
0.398858 0.24613 0.267374 0.171505 0.171074 0.133571 0.320314 0.444558 0.21038 0.200521 0.174038 0.11081 0.103075 0.0993003 0.122458 0.111163 0.0884767 0.101909 0.0676461 0.116164 0.184638 0.13598 0.322054 0.377223 0.217783 0.387969 0.208204 0.285827 0.406472 0.312659 0.110667 0.076877 0.335276 0.0476866 0.115926 0.0909195 0.245769 0.181402 0.183549 0.184537 0.100766 0.339633 0.0997044 0.0285286 0.0306216 0.118873 0.335195 0.0362405 0.0581846 0.0806765 0.0717751 0.0459353 0.0123342 0.0368754 0.103315 0.0814377 0.127391 0.176098 0.452784 0.224956 0.228729 0.239995 0.0937857 0.0875562 0.116091 0.0888418 0.235187 0.296289 0.319543 0.342799
0.745731 0.191317 0.166972 0.216026 0.254091 0.175317 0.215327 0.162347 0.332144 0.147764 0.248945 0.13749 0.125927 0.111055 0.111814 0.0995659 0.0575866 0.0361455 0.0588433 0.22255 0.172251 0.265099 0.281678 0.223271 0.326839 0.35593 0.393121 0.320869 0.408695 0.38803 0.068646 0.0763888 0.17101 0.154458 0.124132 0.118407 0.155311 0.117049 0.13163 0.0987121 0.189349 0.32163 0.0953295 0.0171852 0.0215396 0.142802 0.247591 0.032316 0.0402255 0.0803537 0.0356801 0.0179281 0.0265363 0.0282079 0.0801637 0.0389237 0.0673996 0.26501 0.160069 0.0852882 0.046475 0.0412091 0.146469 0.0603404 0.0693772 0.0930204 0.164442 0.130721 0.302493 0.269245
0.280656 0.0884132 0.103827 0.085107 0.140995 0.263032 0.178322 0.155578 0.631882 0.114322 0.137176 0.181544 0.122745 0.144388 0.185853 0.0549188 0.0201656 0.0177169 0.0665241 0.0722304 0.103572 0.226943 0.171633 0.197539 0.234974 0.457823 0.368455 0.521987 0.349993 0.328992 0.13109 0.100994 0.114905 0.201989 0.150621 0.130581 0.230256 0.151847 0.146189 0.207917 0.17476 0.302561 0.195913 0.0457355 0.0619401 0.141972 0.216258 0.0182543 0.0486064 0.0694161 0.0750433 0.0244724 0.0366692 0.02216 0.0257316 0.0301989 0.105458 0.183403 0.0493291 0.0442363 0.0114649 0.00918378 0.0467877 0.170408 0.066753 0.0856267 0.269446 0.148028 0.138069 0.416413
0.239192 0.0794654 0.18612 0.095479 0.107819 0.258303 0.153604 0.127266 0.177488 0.105716 0.131085 0.217743 0.0460095 0.0806281 0.0492902 0.0349862 0.0452654 0.0237687 0.0371721 0.0382256 0.0649073 0.150501 0.216506 0.284514 0.30654 0.307958 0.452419 0.385724 0.466017 0.327137 0.148153 0.159228 0.108081 0.309931 0.178063 0.123364 0.220603 0.294601 0.340268 0.404816 0.288507 0.274348 0.275064 0.212972 0.255033 0.158332 0.324725 0.0714525 0.0285878 0.0642159 0.128674 0.042285 0.0359073 0.043109 0.0340613 0.0139495 0.0990297 0.154954 0.0888321 0.094374 0.0142371 0.0296934 0.0120968 0.0923247 0.153477 0.140562 0.371356 0.153539 0.185885 0.524882
0.157778 0.115472 0.172306 0.142104 0.127257 0.18077 0.1624 0.234179 0.224253 0.222791 0.0835464 0.0693753 0.0422627 0.0195153 0.0286862 0.0505416 0.0370429 0.0433957 0.0343545 0.0229746 0.0745996 0.227677 0.129675 0.168697 0.181704 0.372932 0.3732 0.436633 0.371274 0.410175 0.216943 0.229832 0.284984 0.141809 0.469027 0.226711 0.254563 0.34509 0.227055 0.248048 0.249349 0.313014 0.218693 0.189242 0.0690802 0.0886774 0.29404 0.083179 0.132814 0.144649 0.144 0.0492586 0.0302926 0.0361926 0.0202939 0.0390889 0.0823771 0.153777 0.124185 0.110801 0.0272011 0.0251285 0.0101908 0.0469948 0.163415 0.112973 0.166683 0.195834 0.337818 0.350983
0.167952 0.149334 0.171318 0.178306 0.161086 0.236781 0.117312 0.297452 0.146701 0.41876 0.0341603 0.0368735 0.043233 0.03865 0.0200055 0.0584195 0.0540351 0.0394055 0.0503887 0.0548869 0.0891147 0.177332 0.138658 0.147782 0.372824 0.204241 0.528148 0.369853 0.293974 0.292563 0.441718 0.266652 0.297334 0.28785 0.315707 0.235546 0.283502 0.332442 0.0894105 0.0625252 0.120339 0.25832 0.134365 0.150825 0.070937 0.117102 0.112016 0.0666004 0.0569531 0.125928 0.276074 0.173708 0.156045 0.0818943 0.110266 0.13006 0.0568212 0.0496483 0.178177 0.193543 0.0485818 0.0291732 0.0176299 0.0705587 0.228433 0.112004 0.148741 0.273673 0.353181 0.159825
