data/maps/flood_re.txt
ncols         643
nrows         661
xllcorner     8515.9999992024
yllcorner     47670.999937602
cellsize      1000
NODATA_value  -9999
[rows 310 to 340 of 661, columns 350 to 419 of 643]
0.22292 0.292927 0.11842 0.125811 0.153365 0.225 0.26806 0.11436 0.0765914 0.168899 0.182442 0.118326 0.113467 0.260583 0.153287 0.0812806 0.137209 0.105512 0.0207324 0.0431336 0.0364798 0.0869209 0.0691405 0.172203 0.236208 0.128411 0.0965727 0.118159 0.187691 0.328303 0.273988 0.167329 0.154013 0.114569 0.0959454 0.202898 0.109231 0.219016 0.369097 0.193518 0.0869123 0.0729997 0.131488 0.166936 0.256839 0.426103 0.310296 0.365041 0.31911 0.318625 0.302398 0.383331 0.448575 0.621974 0.638796 0.40438 -9999 -9999 -9999 -9999 -9999 -9999 -9999 -9999 -9999 -9999 -9999 -9999 -9999 -9999
0.25726 0.220725 0.122852 0.142855 0.210255 0.306513 0.282796 0.0921085 0.0778516 0.0794815 0.281354 0.185632 0.273594 0.230422 0.167858 0.0834448 0.1421 0.0514573 0.0247749 0.0107205 0.0901286 0.0891604 0.126126 0.137258 0.120758 0.0716393 0.0951366 0.0968997 0.14228 0.185314 0.0941103 0.170713 0.214802 0.113156 0.190911 0.118291 0.180531 0.204538 0.320878 0.287605 0.100164 0.152874 0.0651361 0.147228 0.268181 0.501481 0.493233 0.303645 0.511408 0.612705 0.514654 0.589284 0.639004 0.426959 0.301731 0.613877 -9999 -9999 -9999 -9999 -9999 -9999 -9999 -9999 -9999 -9999 -9999 -9999 -9999 -9999
0.170233 0.209852 0.168209 0.110327 0.135206 0.297254 0.229626 0.0667284 0.0963267 0.115458 0.156604 0.224557 0.252963 0.253281 0.19325 0.351264 0.114483 0.0987748 0.0784396 0.175032 0.118741 0.151843 0.162508 0.141847 0.195879 0.0418952 0.0567037 0.046784 0.16769 0.131745 0.0766534 0.208741 0.135808 0.117276 0.192423 0.196646 0.2233 0.382101 0.175671 0.151769 0.134853 0.140164 0.0954214 0.211234 0.394466 0.57392 0.473911 0.279985 0.303198 0.307963 0.574223 0.68341 0.723282 0.814361 0.455759 0.493653 0.750808 -9999 -9999 -9999 -9999 -9999 -9999 -9999 -9999 -9999 -9999 -9999 -9999 -9999
0.227549 0.174928 0.28811 0.240077 0.161281 0.191516 0.140583 0.0935668 0.11884 0.196875 0.281727 0.197912 0.206123 0.162304 0.238396 0.201967 0.321307 0.155047 0.0367874 0.0869832 0.203697 0.259657 0.246255 0.229638 0.402636 0.206376 0.136168 0.107428 0.256078 0.295714 0.257369 0.217786 0.211502 0.099632 0.150107 0.190318 0.426749 0.358674 0.170391 0.187392 0.243881 0.205457 0.204728 0.299342 0.508873 0.626223 0.628606 0.712963 0.482887 0.631654 0.586164 0.81352 0.819369 0.832282 0.773662 0.692645 0.654087 -9999 -9999 -9999 -9999 -9999 -9999 -9999 -9999 -9999 -9999 -9999 -9999 -9999
0.247955 0.281653 0.317395 0.257909 0.298875 0.191394 0.216564 0.0938932 0.175137 0.125611 0.216987 0.161745 0.152299 0.13405 0.244105 0.208279 0.209477 0.1525 0.0714154 0.176955 0.222804 0.0701828 0.0725324 0.0481544 0.0851954 0.122016 0.201996 0.202524 0.202671 0.287436 0.250046 0.256747 0.298755 0.221783 0.211907 0.325281 0.348252 0.185813 0.133667 0.265493 0.180017 0.286218 0.304431 0.378899 0.571215 0.620315 0.266771 0.234165 0.620272 0.663156 0.84153 0.82109 0.811544 0.81864 0.778651 0.691935 0.673846 0.754529 -9999 -9999 -9999 -9999 -9999 -9999 -9999 -9999 -9999 -9999 -9999 -9999
0.324319 0.252185 0.434368 0.47401 0.240626 0.145688 0.129904 0.0993892 0.168494 0.119457 0.19018 0.13624 0.124144 0.135598 0.152 0.25566 0.197092 0.204817 0.154473 0.108897 0.0982261 0.0891276 0.0611901 0.0638858 0.135957 0.0882073 0.0951009 0.202124 0.243477 0.213947 0.23744 0.191247 0.304761 0.389065 0.345267 0.452826 0.330262 0.222056 0.275157 0.254635 0.288032 0.336257 0.212611 0.252484 0.5678 0.498899 0.214093 0.182928 0.389759 0.595377 0.630724 0.80535 0.902429 0.800104 0.737154 0.695488 0.698165 0.864809 0.852565 -9999 -9999 -9999 -9999 -9999 -9999 -9999 -9999 -9999 -9999 -9999
0.141482 0.149932 0.106818 0.155282 0.242996 0.145445 0.0872181 0.118277 0.150475 0.202544 0.232284 0.278584 0.326231 0.465386 0.345068 0.251075 0.197297 0.195503 0.116974 0.0772662 0.0811007 0.0806096 0.0602063 0.0718319 0.0593999 0.0982939 0.089648 0.19264 0.282719 0.310057 0.193343 0.26547 0.219673 0.403516 0.41821 0.530434 0.399693 0.196839 0.185716 0.230949 0.265428 0.294483 0.44497 0.229284 0.495511 0.25757 0.18549 0.232985 0.337766 0.408718 0.568529 0.681782 0.769554 0.654322 0.703693 0.659467 0.656834 0.656715 0.612705 -9999 -9999 -9999 -9999 -9999 -9999 -9999 -9999 -9999 -9999 -9999
0.0874491 0.0683134 0.0760705 0.119803 0.0655415 0.092049 0.184226 0.101116 0.150424 0.310699 0.334342 0.342842 0.391096 0.403777 0.220104 0.166184 0.277232 0.251877 0.0974558 0.0793562 0.107216 0.164718 0.0817128 0.110293 0.133589 0.12495 0.205841 0.176379 0.125372 0.125666 0.213533 0.329059 0.178177 0.262569 0.493982 0.248533 0.4064 0.298672 0.194304 0.211219 0.423977 0.360076 0.234303 0.449541 0.480715 0.202466 0.250845 0.17001 0.314836 0.23434 0.549778 0.463898 0.815515 0.629762 0.431513 0.708107 0.654068 0.571372 -9999 -9999 -9999 -9999 -9999 -9999 -9999 -9999 -9999 -9999 -9999 -9999
0.0814077 0.0780309 0.0854833 0.0442364 0.0470329 0.0484912 0.109659 0.201069 0.124007 0.325702 0.338225 0.41876 0.320296 0.449079 0.237981 0.290132 0.333755 0.214203 0.141463 0.0733361 0.090621 0.18111 0.156668 0.146021 0.215654 0.231194 0.195065 0.211224 0.107464 0.24722 0.161299 0.0814091 0.0492244 0.0635599 0.238293 0.524238 0.64882 0.540715 0.37329 0.237474 0.420114 0.561706 0.275969 0.560049 0.585236 0.284773 0.221247 0.28361 0.368412 0.478422 0.736509 0.687914 0.694243 0.652693 0.574075 0.80394 0.826957 0.713972 -9999 -9999 -9999 -9999 -9999 -9999 -9999 -9999 -9999 -9999 -9999 -9999
0.152541 0.0483036 0.0407188 0.0466232 0.0702477 0.0861961 0.0935553 0.140792 0.230926 0.314399 0.338247 0.623384 0.492702 0.401505 0.418208 0.223987 0.197761 0.209365 0.176262 0.134821 0.134895 0.147255 0.329428 0.352985 0.397057 0.50813 0.345593 0.388627 0.267232 0.13465 0.110731 0.087719 0.134142 0.0770602 0.100208 0.281007 0.484508 0.598263 0.787618 0.523442 0.512203 0.671195 0.468399 0.377985 0.351042 0.274732 0.165778 0.344404 0.200163 0.569574 0.621784 0.857418 0.535415 0.639582 0.631116 0.659357 0.694925 -9999 -9999 -9999 -9999 -9999 -9999 -9999 -9999 -9999 -9999 -9999 -9999 -9999
0.170114 0.101406 0.0643288 0.071617 0.0879929 0.179106 0.233223 0.283136 0.346252 0.324091 0.407366 0.452469 0.738461 0.285675 0.284356 0.361549 0.296726 0.325295 0.267103 0.293677 0.279413 0.35797 0.364314 0.469945 0.475957 0.454233 0.433345 0.377689 0.325609 0.293701 0.114489 0.0631168 0.0554225 0.0699287 0.0967392 0.181033 0.314039 0.224885 0.532185 0.669224 0.661566 0.705286 0.556168 0.544155 0.516272 0.2859 0.240576 0.316269 0.197189 0.442819 0.621714 0.659839 0.668881 0.617913 0.900133 -9999 -9999 -9999 -9999 -9999 -9999 -9999 -9999 -9999 -9999 -9999 -9999 -9999 -9999 -9999
0.221191 0.134888 0.241529 0.125487 0.149434 0.168592 0.279154 0.243808 0.328071 0.355379 0.444327 0.677639 0.582205 0.364392 0.232994 0.251408 0.202811 0.245482 0.37196 0.340999 0.320236 0.378065 0.260398 0.370645 0.255797 0.305954 0.299782 0.268396 0.194372 0.420819 0.31915 0.269685 0.220501 0.104779 0.172013 0.186252 0.14209 0.179153 0.217218 0.570647 0.652922 0.633557 0.79081 0.804719 0.624628 0.3715 0.213352 0.255377 0.332752 0.49336 0.480868 0.496236 0.802149 0.807442 0.885784 -9999 -9999 -9999 -9999 -9999 -9999 -9999 -9999 -9999 -9999 -9999 -9999 -9999 -9999 -9999
0.537073 0.388557 0.364088 0.176066 0.252457 0.254298 0.295972 0.253598 0.314561 0.427092 0.355143 0.527839 0.552383 0.266289 0.359316 0.236372 0.452445 0.321495 0.282431 0.460325 0.636541 0.455027 0.42673 0.407422 0.444521 0.350097 0.220348 0.274371 0.237573 0.188378 0.420574 0.29198 0.286905 0.216425 0.133037 0.199312 0.265177 0.167949 0.289494 0.472446 0.392032 0.505401 0.655528 0.724987 0.621706 0.426856 0.354572 0.398389 0.374171 0.616818 0.608196 0.647018 0.557826 0.61179 0.917011 -9999 -9999 -9999 -9999 -9999 -9999 -9999 -9999 -9999 -9999 -9999 -9999 -9999 -9999 -9999
0.284944 0.421987 0.564981 0.471162 0.524337 0.295203 0.471361 0.364873 0.446816 0.29401 0.412599 0.382381 0.618988 0.512192 0.331233 0.387624 0.372305 0.408865 0.48039 0.54583 0.667947 0.510762 0.431393 0.607692 0.387905 0.34196 0.492021 0.342341 0.343017 0.301064 0.186586 0.113404 0.172234 0.146511 0.250207 0.184594 0.156363 0.349757 0.298889 0.222566 0.252209 0.265504 0.559191 0.816609 0.487439 0.588459 0.452338 0.388597 0.417519 0.727584 0.584721 0.41669 0.83662 0.874866 0.779984 -9999 -9999 -9999 -9999 -9999 -9999 -9999 -9999 -9999 -9999 -9999 -9999 -9999 -9999 -9999
0.283186 0.367412 0.453276 0.580504 0.349329 0.512367 0.374031 0.271629 0.247701 0.256302 0.392057 0.354535 0.428587 0.579629 0.592757 0.428633 0.332925 0.297087 0.524202 0.636104 0.600661 0.567477 0.427195 0.452166 0.315677 0.328888 0.372058 0.360826 0.311897 0.191863 0.153738 0.148894 0.172021 0.162897 0.181703 0.204504 0.232679 0.283383 0.298598 0.293817 0.354197 0.464145 0.680306 0.703349 0.748136 0.61194 0.478729 0.554699 0.564485 0.85818 0.786584 0.741026 0.853559 0.861592 0.867374 0.711067 -9999 -9999 -9999 -9999 -9999 -9999 -9999 -9999 -9999 -9999 -9999 -9999 -9999 -9999
0.22895 0.178546 0.449726 0.558006 0.706894 0.673722 0.526991 0.494594 0.258171 0.297867 0.254539 0.320304 0.303325 0.284394 0.528332 0.459143 0.228174 0.289418 0.605636 0.615791 0.520096 0.557584 0.608517 0.469309 0.347244 0.319342 0.366444 0.413703 0.386112 0.334428 0.292546 0.226637 0.229524 0.167455 0.0794633 0.173032 0.225424 0.139008 0.327181 0.280173 0.45364 0.665497 0.754175 0.812093 0.543282 0.663141 0.487049 0.438204 0.69542 0.723649 0.788887 0.717245 0.810974 0.903037 0.891399 0.806347 -9999 -9999 -9999 -9999 -9999 -9999 -9999 -9999 -9999 -9999 -9999 -9999 -9999 0.546384
0.118224 0.31149 0.22639 0.613131 0.474711 0.614716 0.602147 0.543639 0.548018 0.449896 0.36602 0.466718 0.302535 0.42326 0.461338 0.490404 0.28917 0.320162 0.362945 0.628241 0.594329 0.422762 0.332427 0.232091 0.405536 0.431378 0.411211 0.233497 0.422444 0.313037 0.356499 0.370922 0.380239 0.30969 0.131762 0.437696 0.505081 0.23831 0.213867 0.343079 0.620798 0.706154 0.772792 0.591109 0.677965 0.713271 0.614476 0.510609 0.839608 0.658004 0.850109 0.86167 0.905113 0.891689 0.775872 0.664642 0.875594 -9999 -9999 -9999 -9999 -9999 -9999 -9999 -9999 -9999 -9999 -9999 0.310935 0.487755
0.131016 0.219932 0.289121 0.473424 0.52797 0.487968 0.439289 0.616567 0.604541 0.639821 0.593106 0.460135 0.546954 0.513187 0.482418 0.370626 0.288867 0.428831 0.420587 0.53483 0.520514 0.288447 0.365827 0.238289 0.256657 0.471968 0.518556 0.466875 0.489618 0.339632 0.338929 0.214616 0.210352 0.351699 0.20678 0.317531 0.661543 0.455994 0.524405 0.628925 0.677723 0.721423 0.773096 0.830342 0.714013 0.485227 0.907616 0.458672 0.448701 0.902415 0.772992 0.733014 0.701221 0.712116 0.623469 0.681947 0.78366 0.741314 -9999 -9999 -9999 -9999 -9999 -9999 -9999 -9999 -9999 0.426838 0.354548 0.76518
0.078633 0.14663 0.314917 0.49653 0.498931 0.615928 0.503991 0.382118 0.515653 0.372033 0.565986 0.543904 0.509371 0.534519 0.60245 0.494793 0.429269 0.477228 0.492273 0.58516 0.551195 0.293887 0.311472 0.473133 0.508408 0.475336 0.54971 0.556701 0.435342 0.508294 0.334879 0.184618 0.19579 0.251968 0.330093 0.309827 0.612519 0.590277 0.757757 0.707601 0.846715 0.724841 0.745053 0.780202 0.818811 0.624328 0.683443 0.636724 0.812784 0.740642 0.694699 0.767398 0.839681 0.756631 0.687261 0.746164 0.548275 0.83038 0.798851 0.742298 -9999 -9999 -9999 -9999 -9999 -9999 0.346334 0.484065 0.627653 0.673084
0.0873388 0.135214 0.250493 0.420952 0.517359 0.62022 0.423726 0.497255 0.615822 0.589863 0.357076 0.600636 0.520015 0.324668 0.574376 0.415439 0.516125 0.554339 0.580469 0.628254 0.434233 0.48354 0.341305 0.327988 0.306191 0.38973 0.470473 0.375772 0.27129 0.381738 0.402875 0.208043 0.347428 0.364673 0.554605 0.475141 0.660598 0.612442 0.492234 0.492241 0.768394 0.846612 0.75745 0.699388 0.736429 0.760345 0.817896 0.602062 0.267648 0.588377 0.601421 0.666715 0.618221 0.532747 0.629662 0.824314 0.754384 0.704596 0.829507 0.820113 0.748362 -9999 -9999 -9999 -9999 0.489628 0.648359 0.573203 0.520122 0.54884
0.103077 0.127164 0.130431 0.315938 0.524947 0.538962 0.529107 0.422752 0.489766 0.37582 0.684298 0.278395 0.649098 0.541744 0.676389 0.564715 0.676753 0.603696 0.645122 0.598833 0.668209 0.576292 0.461161 0.2515 0.3222 0.463531 0.281713 0.334281 0.191462 0.25842 0.291453 0.325865 0.307234 0.507416 0.508993 0.568472 0.562902 0.30206 0.275582 0.447285 0.426645 0.806918 0.674276 0.706508 0.64687 0.751891 0.816321 0.620065 0.510678 0.474999 0.405685 0.356707 0.542762 0.709284 0.666346 0.767919 0.549438 0.686043 0.844588 0.678218 0.573062 0.493891 -9999 -9999 0.407956 0.372078 0.446651 0.381686 0.482462 0.432041
0.166311 0.145162 0.135926 0.31113 0.573149 0.643451 0.610306 0.327597 0.606003 0.425526 0.50961 0.450376 0.379339 0.778375 0.491832 0.583669 0.757966 0.662706 0.606811 0.437765 0.539173 0.290243 0.311435 0.365057 0.484176 0.380138 0.382425 0.400322 0.203827 0.334624 0.185078 0.183451 0.197874 0.399386 0.422075 0.339684 0.338561 0.494789 0.337019 0.367417 0.535004 0.392821 0.759056 0.513808 0.508257 0.498342 0.81064 0.809114 0.432123 0.264801 0.274616 0.448228 0.392153 0.683107 0.739422 0.648262 0.625657 0.709404 0.815607 0.621069 0.63846 0.563272 0.561878 0.452498 0.546399 0.402566 0.750876 0.427702 0.674508 0.673049
0.0644487 0.0899064 0.144911 0.313359 0.691023 0.71103 0.565325 0.326905 0.567284 0.448961 0.274105 0.223866 0.401013 0.509284 0.838778 0.784434 0.647173 0.66028 0.450372 0.349091 0.485396 0.353462 0.298713 0.272415 0.242944 0.229739 0.224674 0.458144 0.214018 0.226389 0.289198 0.341679 0.256181 0.296568 0.425742 0.315153 0.311919 0.301211 0.174004 0.256622 0.38727 0.45344 0.779978 0.647073 0.515623 0.356057 0.586402 0.683504 0.497787 0.434987 0.360807 0.583582 0.653399 0.689499 0.614707 0.73221 0.672099 0.718997 0.573908 0.460101 0.597474 0.386451 0.438497 0.476784 0.3915 0.365143 0.670787 0.468927 0.553817 0.771127
0.232181 0.333557 0.444512 0.598539 0.567307 0.639177 0.796907 0.421347 0.428607 0.389438 0.576911 0.307966 0.478604 0.664457 0.689944 0.690294 0.657512 0.586627 0.493098 0.604768 0.364315 0.393362 0.474322 0.259409 0.435736 0.257986 0.205489 0.263363 0.307494 0.27246 0.338814 0.220794 0.334258 0.23315 0.292108 0.377827 0.187775 0.214513 0.236563 0.245592 0.311998 0.528483 0.694806 0.641495 0.574084 0.521808 0.595533 0.742346 0.75092 0.518886 0.390083 0.372036 0.493197 0.303676 0.755772 0.689447 0.618456 0.431635 0.422658 0.372441 0.445779 0.516279 0.530084 0.668803 0.632941 0.479682 0.461815 0.657057 0.847405 -9999
0.110904 0.0803402 0.0915263 0.132353 0.387489 0.33103 0.662392 0.397196 0.366263 0.637623 0.576046 0.630342 0.536438 0.319151 0.461951 0.640585 0.616086 0.558519 0.768431 0.452314 0.374343 0.367775 0.398701 0.253308 0.189814 0.197832 0.357955 0.237853 0.321284 0.300904 0.207328 0.202956 0.200865 0.354809 0.215701 0.248911 0.197892 0.247357 0.182142 0.269346 0.535542 0.557182 0.61798 0.686506 0.626441 0.688469 0.426366 0.423248 0.435527 0.326998 0.229679 0.346405 0.112541 0.0785154 0.173371 0.409654 0.581463 0.626854 0.522907 0.335622 0.231557 0.233827 0.261176 0.448491 0.791869 0.806144 0.585959 0.491564 -9999 -9999
0.104926 0.0990748 0.120215 0.104793 0.235015 0.538886 0.570898 0.670316 0.677654 0.697683 0.680396 0.736452 0.672287 0.547792 0.55598 0.685946 0.69116 0.708005 0.610281 0.688309 0.658666 0.396281 0.389044 0.445116 0.232057 0.208129 0.249527 0.319339 0.315333 0.264433 0.259311 0.277853 0.363485 0.157752 0.171259 0.177269 0.195406 0.152523 0.158501 0.272187 0.62031 0.756718 0.693069 0.740427 0.702318 0.698738 0.449536 0.492481 0.483435 0.314727 0.304619 0.188204 0.156395 0.19133 0.130986 0.291699 0.249938 0.470344 0.630153 0.169829 0.227926 0.304918 0.272651 0.360894 0.46314 0.708435 0.817529 0.747213 -9999 -9999
0.0852488 0.135527 0.272598 0.117191 0.265387 0.619319 0.723181 0.709086 0.741636 0.859012 0.827684 0.763223 0.734219 0.696047 0.802042 0.771598 0.633727 0.48241 0.448223 0.449613 0.531982 0.636515 0.585823 0.402362 0.270456 0.218232 0.221601 0.371652 0.351231 0.262607 0.256534 0.170595 0.264406 0.174637 0.336839 0.268477 0.156418 0.108413 0.167246 0.203811 0.327032 0.194903 0.47852 0.741327 0.615184 0.453144 0.612354 0.519857 0.623731 0.220949 0.296847 0.148879 0.217785 0.162368 0.18092 0.20941 0.25623 0.531864 0.395783 0.231193 0.201788 0.21045 0.451737 0.447291 0.474689 0.653349 0.766213 0.684746 -9999 -9999
0.200145 0.208166 0.278398 0.215791 0.502777 0.593174 0.726652 0.814921 0.733347 0.72166 0.668746 0.662904 0.722029 0.629679 0.767268 0.692613 0.470088 0.555887 0.380908 0.469822 0.272086 0.295333 0.563732 0.369585 0.256144 0.2648 0.290408 0.378554 0.244451 0.381464 0.151765 0.115227 0.158018 0.29887 0.20772 0.220534 0.273138 0.205633 0.171136 0.329158 0.221853 0.418059 0.633915 0.698536 0.571464 0.631725 0.647983 0.626667 0.528822 0.121346 0.250903 0.241032 0.124423 0.12165 0.199575 0.238793 0.380395 0.35708 0.366009 0.186615 0.308786 0.183898 0.376425 0.506186 0.536618 0.462453 0.610339 0.585502 0.762404 -9999
0.171168 0.0991436 0.156372 0.432952 0.524327 0.775143 0.744279 0.731633 0.735628 0.805512 0.717677 0.619459 0.465173 0.653781 0.43607 0.546952 0.491375 0.578293 0.551269 0.239953 0.261695 0.397732 0.229104 0.40626 0.203669 0.435386 0.348835 0.503718 0.33019 0.42666 0.265268 0.153806 0.288262 0.377498 0.398081 0.467775 0.409901 0.457003 0.389101 0.300097 0.530475 0.356932 0.562096 0.73758 0.648408 0.700986 0.683254 0.571892 0.397011 0.151427 0.287174 0.171926 0.151258 0.168209 0.200266 0.271529 0.156092 0.184641 0.350837 0.23138 0.217283 0.258815 0.243105 0.552726 0.538716 0.545156 0.750729 0.605642 0.831736 -9999
0.0767505 0.148445 0.197496 0.507976 0.731917 0.861795 0.766481 0.867437 0.645283 0.608059 0.63637 0.734649 0.694275 0.703288 0.672396 0.406584 0.30412 0.279025 0.494124 0.171112 0.19615 0.34942 0.499104 0.525012 0.552866 0.490784 0.636237 0.505042 0.417811 0.310729 0.351864 0.258484 0.230583 0.249306 0.267309 0.510429 0.599959 0.610362 0.592445 0.257289 0.512569 0.707065 0.69642 0.718709 0.781422 0.766593 0.740244 0.655774 0.319393 0.166626 0.141152 0.171974 0.152499 0.172485 0.210604 0.183868 0.139366 0.26595 0.235603 0.156479 0.168217 0.340518 0.496589 0.492688 0.502129 0.432213 0.722956 0.80522 0.664007 -9999
0.121161 0.257717 0.717608 0.727427 0.72495 0.71482 0.74552 0.733984 0.731198 0.655281 0.649118 0.681661 0.723066 0.586959 0.553349 0.266316 0.165196 0.1993 0.208738 0.27536 0.179583 0.314084 0.427982 0.561289 0.519605 0.52436 0.63976 0.656581 0.345085 0.408377 0.390482 0.307828 0.276984 0.148131 0.177235 0.178736 0.321143 0.594863 0.839881 0.576192 0.586736 0.745367 0.660515 0.646425 0.570868 0.576216 0.717703 0.690068 0.612187 0.518153 0.138984 0.150426 0.218385 0.213041 0.177334 0.138733 0.128783 0.26402 0.225685 0.175008 0.156167 0.140712 0.165823 0.332253 0.420354 0.425058 0.616624 0.764184 -9999 -9999
