data/maps/flood_re.txt
ncols         643
nrows         661
xllcorner     8515.9999992024
yllcorner     47670.999937602
cellsize      1000
NODATA_value  -9999
[rows 403 to 433 of 661, columns 280 to 349 of 643]
0.43991 0.378216 0.585266 0.798414 0.596676 0.34063 0.246156 0.244607 0.387196 0.373552 0.529316 0.462222 0.203997 0.329814 0.263585 0.21158 0.232227 0.245269 0.249253 0.684514 0.629468 0.519422 0.27178 0.291854 0.466807 0.460208 0.457508 0.797924 0.652398 0.701821 0.851429 0.750277 0.723354 0.811956 0.540642 0.799474 0.798446 0.773995 0.559762 0.604172 0.597523 0.584986 0.546792 0.575394 0.626764 0.540547 0.414247 0.672409 0.685488 0.54931 0.662207 0.424716 0.175891 0.163727 0.186156 0.385156 0.347019 0.361084 0.45854 0.182844 0.197586 0.286467 0.609735 0.842419 0.782753 0.825821 0.730005 0.752369 0.902867 0.73604
0.233617 0.540192 0.745479 0.628013 0.453736 0.1488 0.124195 0.183531 0.365241 0.261214 0.564066 0.35816 0.390699 0.228824 0.306836 0.279626 0.212528 0.357631 0.199938 0.251951 0.38277 0.466868 0.405423 0.406591 0.476323 0.541136 0.49928 0.765478 0.651521 0.748123 0.828312 0.708357 0.661103 0.616003 0.755686 0.731064 0.806828 0.871026 0.705361 0.490134 0.688025 0.447459 0.593545 0.312752 0.57774 0.51538 0.326265 0.330908 0.711078 0.736032 0.491883 0.485795 0.263622 0.210796 0.166323 0.517829 0.454992 0.65361 0.37356 0.342225 0.347566 0.394295 0.770584 0.85573 0.789624 0.7706 0.794936 0.909123 0.789921 0.630814
0.2715 0.463569 0.759604 0.417984 0.242921 0.149249 0.250179 0.206079 0.168604 0.260241 0.347985 0.632341 0.37131 0.567047 0.421066 0.294158 0.444038 0.475208 0.218748 0.407651 0.23849 0.27214 0.142643 0.243871 0.299748 0.673731 0.735677 0.563725 0.722645 0.812189 0.801907 0.698459 0.636405 0.676193 0.738979 0.690332 0.715768 0.818383 0.907975 0.446453 0.365766 0.473588 0.275696 0.532462 0.381167 0.482179 0.279757 0.648966 0.782711 0.686986 0.657123 0.574799 0.218001 0.444134 0.177568 0.227398 0.47378 0.691703 0.383059 0.421764 0.479116 0.730589 0.70566 0.640254 0.679804 0.774236 0.718116 0.720159 0.704501 0.545505
0.519253 0.586994 0.806527 0.52358 0.181637 0.169066 0.206348 0.162163 0.209841 0.254016 0.33974 0.38669 0.372071 0.409721 0.301908 0.558713 0.417326 0.578457 0.349261 0.3899 0.162364 0.244746 0.370698 0.307956 0.385888 0.306826 0.243922 0.38903 0.685048 0.698579 0.745972 0.799937 0.695787 0.592397 0.591038 0.733649 0.690996 0.838783 0.737338 0.758252 0.471195 0.522337 0.593113 0.335469 0.284156 0.231663 0.58475 0.455297 0.733313 0.673872 0.586892 0.328961 0.12265 0.117464 0.22529 0.277666 0.408672 0.596851 0.567792 0.480364 0.711645 0.7345 0.674208 0.850894 0.852068 0.785908 0.58705 0.672488 0.854992 0.77536
0.608271 0.53622 0.661345 0.407038 0.242295 0.256351 0.238369 0.233564 0.188701 0.271473 0.474245 0.54539 0.547733 0.487325 0.397349 0.523899 0.512334 0.321447 0.303329 0.504215 0.165323 0.237594 0.218075 0.160241 0.245897 0.209642 0.456793 0.639286 0.660026 0.656279 0.648117 0.786545 0.728984 0.730017 0.39811 0.388996 0.402805 0.79543 0.864443 0.834192 0.802019 0.708074 0.327522 0.352461 0.166192 0.338128 0.433978 0.831031 0.907862 0.603976 0.402106 0.574346 0.273013 0.11982 0.128451 0.277254 0.537221 0.39238 0.308647 0.314211 0.389076 0.314796 0.512798 0.71513 0.783086 0.728252 0.622537 0.664708 0.516287 0.696717
0.359459 0.59753 0.654284 0.294336 0.288602 0.381678 0.154748 0.283659 0.280782 0.272014 0.304185 0.469397 0.525155 0.462999 0.626299 0.400212 0.533603 0.566872 0.296219 0.599883 0.378186 0.265555 0.188518 0.108815 0.105126 0.461346 0.277058 0.210528 0.600821 0.570719 0.477222 0.617553 0.694952 0.638815 0.49293 0.362011 0.499665 0.756233 0.805844 0.757355 0.830308 0.852496 0.51265 0.139213 0.267939 0.416914 0.295589 0.795088 0.868877 0.878622 0.577032 0.484331 0.172169 0.381561 0.201839 0.1142 0.162473 0.41074 0.256527 0.320521 0.323813 0.20843 0.591531 0.721101 0.781185 0.793501 0.802153 0.792258 0.643887 0.478665
0.421912 0.401639 0.452978 0.31967 0.328297 0.474223 0.306768 0.320005 0.584908 0.631758 0.631223 0.682683 0.525976 0.43906 0.449634 0.332772 0.224448 0.590781 0.490009 0.308965 0.299655 0.523195 0.21575 0.258639 0.165492 0.189945 0.348844 0.413966 0.657362 0.658627 0.520615 0.660381 0.687818 0.709324 0.562208 0.660378 0.543849 0.847214 0.846377 0.914659 0.662242 0.716138 0.570643 0.455945 0.365348 0.311728 0.372121 0.494153 0.411979 0.883573 0.580826 0.302988 0.163129 0.170247 0.127848 0.0694813 0.102799 0.128871 0.155846 0.339061 0.334601 0.620304 0.678891 0.684111 0.652133 0.698483 0.626086 0.700131 0.605995 0.621455
0.342045 0.545963 0.426603 0.272861 0.254287 0.195528 0.556963 0.323319 0.281717 0.323396 0.501286 0.620749 0.712773 0.620211 0.669175 0.38348 0.39875 0.581976 0.314458 0.285892 0.20387 0.499686 0.584137 0.317786 0.508063 0.584882 0.79399 0.67935 0.688536 0.599514 0.532554 0.572824 0.715016 0.770854 0.664548 0.511855 0.705072 0.77017 0.813904 0.773949 0.582227 0.412079 0.551886 0.41914 0.643104 0.533671 0.423156 0.319031 0.283937 0.697679 0.556626 0.212812 0.229062 0.361527 0.112617 0.128413 0.098677 0.212667 0.507396 0.316422 0.271022 0.418669 0.512823 0.594306 0.283107 0.232906 0.378172 0.389673 0.538609 0.579552
0.340733 0.446868 0.376038 0.318913 0.222093 0.184722 0.326223 0.392179 0.20635 0.454987 0.349883 0.645978 0.539853 0.783695 0.739327 0.660657 0.640836 0.379242 0.370929 0.36914 0.208611 0.423469 0.815179 0.759635 0.7133 0.707115 0.744292 0.714542 0.195676 0.180799 0.486352 0.653852 0.679688 0.862143 0.714782 0.638407 0.592817 0.581389 0.585268 0.662049 0.565723 0.48316 0.445262 0.602681 0.504248 0.27075 0.281189 0.35012 0.470716 0.431176 0.426963 0.758287 0.333782 0.230927 0.184438 0.139984 0.435715 0.510489 -9999 0.740163 0.495722 0.423677 0.372424 0.497391 0.282735 0.165982 0.251334 0.30176 0.359096 0.493415
0.485434 0.408216 0.460664 0.250313 0.232663 0.535047 0.605029 0.409714 0.217184 0.470543 0.451501 0.592051 0.538715 0.606109 0.605224 0.516132 0.755437 0.427153 0.745983 0.30799 0.201331 0.311236 0.250232 0.771991 0.724881 0.765734 0.811507 0.58623 0.226201 0.162001 0.181208 0.509648 0.512037 0.73363 0.634059 0.744528 0.619644 0.559911 0.449465 0.439528 0.57577 0.457333 0.396907 0.661818 0.575359 0.265926 0.287024 0.283975 0.394062 0.332285 0.298905 0.274595 0.326697 0.248512 0.172232 0.26127 0.707119 0.644924 -9999 0.382488 0.783068 0.755965 0.566453 0.791487 0.468542 0.382394 0.176252 0.157928 0.247249 0.468095
0.450428 0.718125 0.273792 0.228987 0.253324 0.429405 0.729078 0.53622 0.293231 0.670433 0.728483 0.676261 0.295129 0.565901 0.760775 0.908533 0.87323 0.791268 0.66475 0.643993 0.307714 0.353736 0.519381 0.620271 0.667724 0.636128 0.57585 0.637463 0.272737 0.217166 0.201802 0.442108 0.691238 0.479514 0.64901 0.560805 0.394606 0.709727 0.598385 0.461602 0.596871 0.646225 0.475901 0.328526 0.232603 0.433958 0.290515 0.244921 0.484217 0.208871 0.458763 0.267239 0.504798 0.331104 0.216086 0.656781 0.367769 0.239749 0.539423 -9999 0.550453 0.796314 0.848674 0.623746 0.773519 0.57981 0.325656 0.135015 0.252637 0.477791
0.662706 0.654898 0.595634 0.375896 0.351675 0.399412 0.429956 0.568906 0.39596 0.400307 0.624389 0.703032 0.708246 0.49868 0.716319 0.787487 0.824509 0.857414 0.505926 0.597433 0.36035 0.355632 0.550032 0.779299 0.865124 0.791661 0.869962 0.626829 0.128284 0.16974 0.181944 0.475251 0.714006 0.348406 0.310375 0.5702 0.455409 0.534901 0.387001 0.535367 0.53476 0.543594 0.589504 0.169595 0.189029 0.389272 0.391162 0.579297 0.480237 0.188301 0.224365 0.25521 0.41487 0.70884 0.781295 0.381829 0.348004 0.172352 0.186349 0.489215 0.882068 0.649264 0.815543 0.827351 0.658742 0.692034 0.238829 0.0921973 0.190208 0.273764
0.76408 0.437205 0.412709 0.409856 0.37993 0.41579 0.329096 0.198447 0.581291 0.481425 0.235228 0.361053 0.696942 0.789186 0.889339 0.91018 0.685759 0.841744 0.896311 0.746295 0.555972 0.250868 0.626352 0.664016 0.782571 0.782412 0.684043 0.570512 0.496442 0.189514 0.256229 0.4318 0.621493 0.626722 0.47129 0.583818 0.26794 0.290396 0.215309 0.162051 0.623089 0.631561 0.168008 0.161059 0.162312 0.211886 0.238957 0.346678 0.287953 0.130209 0.113202 0.086588 0.124351 0.245306 0.503528 0.8635 0.457528 0.170064 -9999 0.633542 0.475216 0.782323 0.744361 0.866795 0.772555 0.78599 0.520245 0.123482 0.323589 0.195999
0.777822 0.434801 0.397776 0.359421 0.309278 0.671766 0.727272 0.493827 0.612974 0.324933 0.418289 0.658689 0.799475 0.791356 0.873852 0.794596 0.552265 0.668749 0.597257 0.437892 0.67639 0.923891 0.852122 0.804747 0.685909 0.69999 0.662414 0.589134 0.432151 0.47174 0.340089 0.452021 0.487438 0.397638 0.283337 0.36089 0.129314 0.218845 0.0676842 0.106449 0.211391 0.469792 0.520655 0.0910558 0.245042 0.230591 0.247073 0.154387 0.346659 0.0876065 0.0625484 0.0980522 0.0702871 0.310303 0.777713 -9999 0.648809 0.637851 0.690278 -9999 0.673421 0.783722 0.851868 0.677396 0.713919 0.814645 0.737833 0.221339 0.0831039 0.097845
0.825047 0.532417 0.427229 0.715791 0.308225 0.540311 0.510025 0.495729 0.43048 0.51139 0.466148 0.498852 0.509767 0.892687 0.752142 0.521334 0.775595 0.554322 0.168957 0.159791 0.168259 0.481491 0.745994 0.626628 0.643732 0.663143 0.628668 0.631952 0.711487 0.408698 0.649436 0.580184 0.399582 0.174068 0.174575 0.261721 0.225819 0.107941 0.139396 0.148362 0.154735 0.425201 0.552653 0.453329 0.291498 0.210906 0.107665 0.232084 0.188863 0.293982 0.061736 0.0568811 0.0671901 0.324358 -9999 -9999 -9999 0.424232 0.353312 0.471606 -9999 0.456327 0.626308 0.658056 0.698869 0.80868 0.803624 0.184111 0.0690772 0.0766167
0.831475 0.527692 0.404278 0.385657 0.51065 0.707894 0.338191 0.694687 0.509754 0.8513 0.72994 0.540658 0.578193 0.787114 0.908187 0.658492 0.67909 0.549692 0.372354 0.207055 0.251803 0.264476 0.518803 0.734317 0.729437 0.669483 0.689921 0.640863 0.660031 0.604519 0.500803 0.553244 0.46154 0.418098 0.182619 0.297266 0.255835 0.29396 0.0857501 0.19357 0.131917 0.405619 0.230708 0.319427 0.278598 0.177385 0.164605 0.296747 0.259245 0.331965 0.152164 0.115926 0.18103 -9999 -9999 -9999 -9999 -9999 0.620405 0.48486 0.216059 0.201642 0.13528 0.445946 0.639435 0.656588 0.618853 0.635847 0.124237 0.0676319
0.476861 0.731419 0.464042 0.547829 0.371648 0.674222 0.476866 0.695543 0.882528 0.884372 0.877382 0.57533 0.648339 0.870865 0.91548 0.446891 0.696805 0.432488 0.334893 0.195912 0.154077 0.198533 0.620226 0.65334 0.862904 0.754301 0.625949 0.631709 0.717981 0.693993 0.652564 0.652831 0.548601 0.688141 0.303971 0.210252 0.14564 0.16229 0.0857173 0.160615 0.104477 0.198361 0.16049 0.17922 0.353434 0.111579 0.0891828 0.159835 0.180655 0.227296 0.323064 0.178014 0.301502 -9999 -9999 -9999 -9999 -9999 -9999 0.279145 0.277959 0.207652 0.119465 0.0931991 0.237479 0.602699 0.364146 0.251145 0.464116 0.107232
0.402613 0.644387 0.609918 0.651555 0.733822 0.423403 0.859442 0.400571 0.777181 0.776104 0.905813 0.896567 0.875379 0.886399 0.811284 0.741601 0.723459 0.482241 0.316029 0.295544 0.281662 0.185582 0.541071 0.465619 0.551116 0.84719 0.828749 0.572618 0.597771 0.641895 0.600515 0.731115 0.608927 0.530442 0.394595 0.194346 0.175859 0.26237 0.0867375 0.0837251 0.131651 0.198249 0.13487 0.210133 0.242135 0.122992 0.0985975 0.127839 0.202579 0.147099 0.203589 0.187494 0.395963 0.690476 -9999 -9999 -9999 -9999 -9999 0.305926 0.24395 0.304822 0.122912 0.138607 0.0882854 0.094739 0.341007 0.206162 0.174228 0.0683234
0.494433 0.615563 0.431233 0.31795 0.654561 0.844976 0.710443 0.852258 0.865063 0.687315 0.693485 0.863167 0.718794 0.732904 0.837842 0.458621 0.644419 0.638209 0.387768 0.362379 0.422588 0.323573 0.338166 0.555706 0.612073 0.703 0.669326 0.885847 0.742643 0.630842 0.692779 0.576915 0.646782 0.591173 0.58583 0.51956 0.403759 0.140386 0.187675 0.127844 0.129569 0.133751 0.162888 0.282171 0.303784 0.321622 0.126359 0.14677 0.15188 0.141504 0.124709 0.275604 0.611113 0.637536 0.456167 -9999 -9999 -9999 -9999 0.250259 0.166679 0.224806 0.299354 0.133934 0.09499 0.150562 0.23839 0.163944 0.175495 0.0647024
0.43785 0.465537 0.790084 0.524809 0.604793 0.771341 0.769837 0.64635 0.847384 0.56336 0.681379 0.591606 0.829783 0.818048 0.627087 0.660297 0.6432 0.688614 0.43545 0.280174 0.565582 0.230295 0.225824 0.580827 0.527661 0.632577 0.722077 0.600382 0.758976 0.732354 0.739259 0.666565 0.582185 0.303669 0.292534 0.289889 0.388159 0.140826 0.185878 0.14802 0.121561 0.176822 0.242981 0.141494 0.196395 0.467859 0.28995 0.285613 0.286887 0.252332 0.181672 0.205598 0.317723 0.307463 0.278669 -9999 -9999 -9999 -9999 0.16716 0.297697 0.193639 0.509203 0.336725 0.564853 0.605624 0.555879 0.229229 0.137786 0.0769833
0.453107 0.746993 0.672499 0.834727 0.759722 0.709777 0.524202 0.34285 0.48984 0.542212 0.609474 0.729905 0.74754 0.688883 0.422893 0.612772 0.621273 0.615734 0.476422 0.391268 0.520602 0.557555 0.530607 0.538164 0.589122 0.614261 0.534196 0.382402 0.424449 0.522277 0.726485 0.721808 0.536428 0.223475 0.457313 0.208916 0.519225 0.121695 0.373919 0.166026 0.132756 0.159643 0.379938 0.261645 0.18491 0.395863 0.611952 0.2207 0.336068 0.302926 0.369787 0.301612 0.387906 0.360714 0.242676 0.298052 -9999 -9999 -9999 -9999 0.603974 -9999 0.448448 -9999 -9999 -9999 0.865762 0.450635 0.155975 0.0913555
0.831853 0.396544 0.551765 0.535136 0.729415 0.523507 0.429476 0.453664 0.696323 0.481795 0.698414 0.753275 0.688231 0.393262 0.544714 0.436693 0.649223 0.624686 0.427888 0.688839 0.402055 0.664216 0.483276 0.410197 0.551875 0.421032 0.632787 0.642904 0.486406 0.491813 0.262229 0.296001 0.492197 0.485946 0.424986 0.395712 0.464142 0.165732 0.132267 0.12953 0.115367 0.124834 0.128532 0.388185 0.550877 0.544179 0.670047 0.290204 0.256749 0.539782 0.540264 0.240712 0.389765 0.503098 -9999 -9999 -9999 -9999 -9999 -9999 -9999 -9999 0.756953 -9999 -9999 -9999 -9999 0.506572 0.158381 0.080521
0.750333 0.813889 0.41253 0.740885 0.533553 0.728665 0.468248 0.30239 0.462068 0.332945 0.426905 0.681468 0.700422 0.482183 0.407105 0.623966 0.384845 0.591687 0.600828 0.377056 0.696571 0.465917 0.409819 0.43618 0.299841 0.418945 0.417485 0.557573 0.308956 0.369176 0.232372 0.23905 0.217956 0.167919 0.202928 0.273066 0.288606 0.371941 0.175449 0.100116 0.114263 0.12275 0.241171 0.409423 0.564618 0.647534 0.651697 0.390923 0.478449 0.321752 0.435134 0.333932 0.308882 0.655329 0.723589 -9999 -9999 -9999 -9999 -9999 -9999 -9999 -9999 -9999 -9999 -9999 -9999 -9999 0.197289 0.171482
0.4146 0.716153 0.486921 0.474395 0.498407 0.601639 0.298574 0.44773 0.526679 0.431331 0.437607 0.530086 0.69972 0.466191 0.760183 0.435044 0.657324 0.517201 0.80482 0.448503 0.693769 0.395803 0.36325 0.546113 0.323567 0.414884 0.589293 0.586466 0.465192 0.169091 0.243698 0.269072 0.271751 0.208901 0.118584 0.2149 0.334653 0.652197 0.180196 0.15711 0.151005 0.185684 0.371381 0.485917 0.462728 0.828809 0.720769 0.711565 0.715691 0.181666 0.355987 0.70591 0.531679 0.499061 0.401948 -9999 -9999 -9999 -9999 -9999 -9999 -9999 -9999 -9999 -9999 -9999 -9999 -9999 0.20976 0.286889
0.669495 0.54835 0.691044 0.38209 0.499507 0.424831 0.443781 0.562059 0.408078 0.574805 0.526657 0.873345 0.557866 0.714189 0.597721 0.687405 0.510208 0.29536 0.716745 0.515084 0.498875 0.71055 0.460907 0.423991 0.591444 0.416731 0.5885 0.335031 0.258375 0.49174 0.304611 0.281399 0.323611 0.223202 0.223034 0.189196 0.159736 0.417318 0.696668 0.264468 0.353326 0.26569 0.69518 0.753518 0.868379 0.851208 0.938364 0.814219 0.759122 0.421895 -9999 -9999 -9999 0.480343 0.331076 0.638289 -9999 -9999 -9999 -9999 -9999 -9999 -9999 -9999 -9999 -9999 -9999 -9999 0.496875 0.637511
0.649716 0.63354 0.423719 0.323015 0.438263 0.476545 0.639261 0.50706 0.542414 0.49138 0.724224 0.827307 0.623854 0.785998 0.732164 0.526281 0.275009 0.316928 0.572418 0.524736 0.722362 0.60718 0.736056 0.771373 0.773542 0.380294 0.3725 0.264536 0.320487 0.309605 0.308377 0.383937 0.292727 0.244484 0.199977 0.235937 0.181487 0.20205 0.262948 0.804367 0.726007 0.719538 0.770709 -9999 -9999 -9999 -9999 -9999 -9999 -9999 -9999 -9999 -9999 -9999 0.461882 0.356941 0.463597 -9999 -9999 -9999 -9999 -9999 -9999 -9999 -9999 -9999 -9999 -9999 -9999 -9999
0.474821 0.237535 0.360328 0.553335 0.341434 0.501333 0.745602 0.660297 0.641909 0.790127 0.796704 0.788922 0.669268 0.690677 0.861135 0.754439 0.48849 0.475659 0.484333 0.671826 0.681272 0.737402 0.521654 0.671095 0.637517 0.589841 0.502472 0.281309 0.138105 0.329118 0.255776 0.391369 0.613823 0.4968 0.333199 0.189787 0.485823 0.249218 0.369764 0.401851 0.753227 0.634021 0.715711 -9999 -9999 -9999 -9999 -9999 -9999 -9999 -9999 -9999 -9999 -9999 -9999 -9999 0.708743 -9999 -9999 -9999 -9999 -9999 -9999 -9999 -9999 -9999 -9999 -9999 -9999 -9999
0.37433 0.453309 0.631597 0.423156 0.346101 0.68586 0.810163 0.663899 0.715453 0.865855 0.699261 0.760982 0.712214 0.654912 0.335307 0.714378 0.650098 0.45446 0.273152 0.527142 0.463137 0.469256 0.373077 0.303165 0.331793 0.381604 0.358702 0.265984 0.509243 0.464584 0.25129 0.314013 0.645993 0.522383 0.239535 0.262577 0.267548 0.408301 0.313949 0.465146 0.347469 0.494668 0.194972 0.627387 -9999 -9999 -9999 -9999 -9999 -9999 -9999 -9999 -9999 -9999 -9999 -9999 -9999 -9999 -9999 -9999 -9999 -9999 -9999 -9999 -9999 -9999 -9999 -9999 -9999 -9999
0.457577 0.496621 0.335065 0.687842 0.493617 0.455854 -9999 -9999 0.792435 0.905125 0.916902 0.683281 0.624053 0.511179 0.331701 0.337652 0.199639 0.414056 0.400657 0.507526 0.571404 0.408369 0.391411 0.23007 0.302046 0.34596 0.214695 0.229582 0.379143 0.233995 0.230291 0.274901 0.259398 0.56374 0.177121 0.233513 0.245022 0.508176 0.221305 0.280356 0.544277 0.594854 0.336646 0.358141 -9999 -9999 -9999 -9999 -9999 -9999 -9999 -9999 -9999 -9999 -9999 -9999 -9999 -9999 -9999 -9999 -9999 -9999 -9999 -9999 -9999 -9999 -9999 -9999 -9999 -9999
0.39738 0.584914 0.56018 0.51061 0.612699 -9999 -9999 -9999 0.711704 0.763939 0.894816 0.758136 0.50261 0.294862 0.502135 0.254432 0.179015 0.267887 0.373954 0.402466 0.653872 0.617219 0.426389 0.262715 0.244882 0.200235 0.184383 0.234006 0.346883 0.330559 0.370234 0.511754 0.300916 0.28734 0.606177 0.386066 0.5883 0.413416 0.273153 0.332154 0.415023 -9999 0.61392 -9999 -9999 -9999 -9999 -9999 -9999 -9999 -9999 -9999 -9999 -9999 -9999 -9999 -9999 -9999 -9999 -9999 -9999 -9999 -9999 -9999 -9999 -9999 -9999 -9999 -9999 -9999
0.621445 0.664485 0.536693 0.725033 0.655873 -9999 -9999 -9999 0.743667 0.790429 0.692259 0.685512 0.729018 0.801938 0.444867 0.155608 0.299995 0.351069 0.37102 0.25603 0.296007 0.316208 0.207624 0.0849155 0.189837 0.173241 0.129101 0.163475 0.182501 0.404669 0.307229 0.630336 0.389344 0.354314 0.237424 0.667161 0.223452 0.396077 0.78274 -9999 -9999 -9999 -9999 -9999 -9999 -9999 -9999 -9999 -9999 -9999 -9999 -9999 -9999 -9999 -9999 -9999 -9999 -9999 -9999 -9999 -9999 -9999 -9999 -9999 -9999 -9999 -9999 -9999 -9999 -9999
