data/maps/flood_re.txt
ncols         643
nrows         661
xllcorner     8515.9999992024
yllcorner     47670.999937602
cellsize      1000
NODATA_value  -9999
[rows 372 to 402 of 661, columns 350 to 419 of 643]
0.143719 0.423239 0.116365 0.0946803 0.109522 0.334609 0.571973 0.258303 0.273127 0.117191 0.112797 0.255012 0.237793 0.218223 0.277519 0.254231 0.281814 0.0693663 0.0255226 0.0243023 0.0273287 0.0186326 0.0299425 0.0145314 0.0407153 0.0417034 0.12137 0.156636 0.19785 0.29799 0.305528 0.25286 0.286317 0.199623 0.388533 0.451139 0.60824 0.344696 0.368695 0.375993 0.267269 0.290248 0.165916 0.349311 0.395552 0.390494 0.423139 0.316998 0.391764 0.398559 0.506899 0.731072 0.602935 0.673428 0.79732 0.759883 0.329408 0.126477 0.17716 0.258659 0.267965 0.428342 0.590465 0.418039 -9999 -9999 -9999 -9999 -9999 -9999
0.290923 0.565585 0.204987 0.0869383 0.0753793 0.107903 0.402011 0.17367 0.176756 0.303225 0.178695 0.228268 0.399607 0.587434 0.286951 0.146501 0.352286 0.43335 0.189738 0.163012 0.0501937 0.0377157 0.0649326 0.0627812 0.121724 0.0753562 0.0855979 0.112276 0.133297 0.574783 0.474885 0.571574 0.493521 0.492014 0.466986 0.430639 0.232216 0.310857 0.302137 0.344265 0.165566 0.318602 0.43611 0.346957 0.521494 0.627962 0.528033 0.401732 0.446074 0.553769 0.466236 0.460907 0.373877 0.794831 0.785209 0.842082 0.471452 0.261519 0.1446 0.341808 0.241911 0.498889 0.37104 -9999 -9999 -9999 -9999 -9999 -9999 -9999
0.306251 0.505224 0.120396 0.146984 0.334156 0.584647 0.58366 0.177304 0.181825 0.21949 0.310042 0.640091 0.429158 0.233437 0.180793 0.045115 0.0837367 0.146936 0.342497 0.328764 0.120861 0.0777084 0.118641 0.0501255 0.0533205 0.0868828 0.0679302 0.110302 0.168522 0.361974 0.587828 0.541148 0.436449 0.462989 0.578518 0.345512 0.238301 0.247214 0.562402 0.752948 0.471785 0.339149 0.575328 0.680714 0.456885 0.6275 0.543987 0.377213 0.507325 0.454404 0.57068 0.595733 0.645944 0.796657 0.854623 0.724637 0.416275 0.185724 0.228192 0.204882 0.331131 0.396097 0.642482 -9999 -9999 -9999 -9999 -9999 -9999 -9999
0.551555 0.338139 0.507597 0.381063 0.535099 0.224134 0.0763462 0.195951 0.164752 0.227569 0.270615 0.549804 0.349012 0.135465 0.0931279 0.12714 0.210385 0.146262 0.26305 0.150486 0.119573 0.0846629 0.054344 0.0281348 0.0477219 0.0994168 0.0525283 0.0402029 0.12872 0.241656 0.384509 0.615181 0.575796 0.39566 0.464806 0.299303 0.23227 0.22207 0.372013 0.525804 0.637373 0.746298 0.764535 0.91691 0.754319 0.680886 0.513374 0.516559 0.422231 0.377061 0.403646 0.314919 0.785644 0.85744 0.77892 0.655149 0.411242 0.337007 0.371923 0.213427 0.217772 0.338914 0.360912 -9999 -9999 -9999 -9999 -9999 -9999 -9999
0.515449 0.604373 0.688871 0.596011 0.537591 0.240038 0.11174 0.104768 0.103812 0.259963 0.213075 0.58299 0.256933 0.162836 0.133012 0.10791 0.113974 0.111757 0.0570749 0.0230896 0.0171691 0.021114 0.0227873 0.0582422 0.111129 0.0533878 0.0449771 0.0879907 0.163935 0.166171 0.383396 0.419872 0.723006 0.721091 0.554004 0.321347 0.333023 0.235921 0.457132 0.523786 0.457684 0.60399 0.791004 0.710319 0.789372 0.7096 0.820872 0.737258 0.574506 0.607725 0.716215 0.805845 0.79788 0.851235 0.772706 0.641708 0.584106 0.350375 0.231207 0.138655 0.196881 0.309812 0.290547 0.712714 -9999 -9999 -9999 -9999 -9999 -9999
0.566235 0.643443 0.632193 0.65246 0.428722 0.299652 0.216406 0.151885 0.149389 0.137566 0.452718 0.146082 0.203163 0.108368 0.13755 0.137153 0.041009 0.127146 0.0245401 0.0241457 0.0160006 0.0204546 0.0766059 0.0477701 0.0842302 0.0631346 0.046918 0.0588883 0.297916 0.315493 0.370131 0.209154 0.50096 0.511103 0.681547 0.498037 0.277844 0.42275 0.533423 0.480695 0.399273 0.274385 0.481351 0.521034 0.476331 0.709699 0.757726 0.669524 0.810692 0.796989 0.803339 0.807618 0.808503 0.846609 -9999 0.544442 0.692047 0.403052 0.285276 0.26594 0.227288 0.491911 0.291005 -9999 -9999 -9999 -9999 -9999 -9999 -9999
0.356793 0.694243 0.369943 0.392423 0.195229 0.086905 0.25626 0.121511 0.13 0.138857 0.271948 0.0519072 0.0575728 0.0602571 0.0594625 0.163635 0.0576897 0.0720281 0.0259911 0.0210743 0.011145 0.0418415 0.0198924 0.0710297 0.0987432 0.0142513 0.0174395 0.0152824 0.0317131 0.0530324 0.126258 0.24679 0.645603 0.576343 0.43723 0.617327 0.618749 0.640544 0.471552 0.414581 0.249857 0.225398 0.243906 0.128997 0.233383 0.69427 0.469097 0.400655 0.500952 0.493886 0.842637 0.808123 0.818675 0.848479 0.511804 -9999 0.746365 0.644532 0.255866 0.237913 0.392084 0.365332 0.421065 -9999 -9999 -9999 -9999 -9999 -9999 -9999
0.19851 0.672831 0.392374 0.268928 0.233264 0.186307 0.12792 0.214047 0.0896586 0.190621 0.147191 0.0744954 0.0822753 0.0480625 0.0612686 0.211296 0.192673 0.0699554 0.0505888 0.0413008 0.0317159 0.0223814 0.0391008 0.0514728 0.120933 0.0167155 0.0274729 0.0198683 0.0125304 0.0255862 0.0863238 0.331067 0.551342 0.517724 0.373996 0.351101 0.324527 0.42715 0.683589 0.541479 0.237015 0.160698 0.170658 0.168808 0.173243 0.314964 0.471362 0.383457 0.698174 0.75546 0.82258 0.790994 0.832841 0.795123 0.900179 0.783039 -9999 0.653123 0.41393 0.298816 0.361137 0.598271 -9999 -9999 -9999 -9999 -9999 -9999 -9999 -9999
0.231571 0.706888 0.681633 0.276244 0.272545 0.239051 0.130219 0.128975 0.168767 0.414823 0.210549 0.137563 0.131471 0.0719048 0.126269 0.141613 0.133683 0.248234 0.463115 0.113219 0.0292045 0.0744528 0.0411306 0.0706101 0.128583 0.0512139 0.0262752 0.0364738 0.0111774 0.0736625 0.19258 0.483236 0.554067 0.413662 0.308726 0.481435 0.438277 0.483238 0.445005 0.48726 0.272725 0.194569 0.180676 0.193849 0.559804 0.692255 0.462634 0.384645 0.523196 0.46944 0.795018 0.749889 0.84513 0.859729 0.825694 0.775376 -9999 -9999 -9999 0.43604 0.488186 0.700641 0.707572 -9999 -9999 -9999 -9999 -9999 -9999 -9999
0.368363 0.530307 0.823503 0.651711 0.418664 0.118896 0.127371 0.121416 0.120155 0.530984 0.18354 0.231119 0.167693 0.593115 0.323621 0.394268 0.216583 0.0959863 0.0429582 0.0693622 0.0606222 0.0711484 0.0355842 0.104969 0.165123 0.0725612 0.0314025 0.0359666 0.0683593 0.115202 0.300805 0.43397 0.504524 0.468047 0.512278 0.477396 0.45029 0.442508 0.524561 0.405687 0.225032 0.213542 0.264259 0.237808 0.273035 0.372798 0.521532 0.662225 0.405416 0.622754 0.622582 0.835581 0.66058 0.786419 0.788947 0.789142 0.894599 -9999 -9999 -9999 0.639815 -9999 -9999 -9999 -9999 -9999 -9999 -9999 -9999 -9999
0.227425 0.65931 0.618625 0.408526 0.610978 0.19142 0.126199 0.366798 0.236611 0.651241 0.690413 0.702089 0.54886 0.135657 0.133264 0.182405 0.133602 0.0973554 0.0337866 0.0329873 0.0475362 0.0721937 0.0717849 0.177537 0.0757222 0.0256096 0.0417663 0.030418 0.0291593 0.14871 0.326565 0.449181 0.503384 0.421301 0.613639 0.538214 0.404422 0.435246 0.516423 0.340365 0.234068 0.157687 0.166406 0.230455 0.51295 0.475139 0.47722 0.64693 0.483588 0.632796 0.648783 0.806189 0.670981 0.768785 0.745246 0.792841 -9999 -9999 -9999 -9999 -9999 -9999 -9999 -9999 -9999 -9999 -9999 -9999 -9999 -9999
0.444843 0.610745 0.826785 0.724032 0.622385 0.335755 0.373791 0.437533 0.624793 0.618563 0.259646 0.45356 0.274054 0.118476 0.157646 0.219303 0.381816 0.0564869 0.0397775 0.0544713 0.0438655 0.0478361 0.0955966 0.0874862 0.0303143 0.0479787 0.0239405 0.0510207 0.0809445 0.17018 0.38161 0.396117 0.380859 0.575084 0.597018 0.417554 0.312636 0.274848 0.293528 0.474287 0.241316 0.249379 0.161302 0.160074 0.396361 0.390382 0.433544 0.617826 0.750748 0.819889 0.773724 0.701552 0.770766 0.705787 0.749611 0.756338 -9999 -9999 -9999 -9999 -9999 -9999 -9999 -9999 -9999 -9999 -9999 -9999 -9999 -9999
0.740666 0.609773 0.576123 0.71741 0.764244 0.7882 0.751743 0.794875 0.390168 0.260827 0.331121 0.362459 0.402918 0.170707 0.0889857 0.22276 0.566751 0.0880682 0.053904 0.0714451 0.122519 0.124888 0.201351 0.0624775 0.0383566 0.0362126 0.0271197 0.130076 0.237917 0.314702 0.551754 0.458579 0.510891 0.329365 0.353576 0.299895 0.216908 0.177059 0.294165 0.32299 0.261526 0.576145 0.378766 0.272681 0.309682 0.299693 0.464202 0.659215 0.779089 0.807409 0.846293 0.625173 0.82012 0.507483 0.559856 0.525243 -9999 -9999 -9999 -9999 -9999 -9999 -9999 -9999 -9999 -9999 -9999 -9999 -9999 -9999
0.844461 0.888502 0.693979 0.597664 0.471977 0.565098 0.370733 0.369534 0.692068 0.544561 0.160382 0.193771 0.34495 0.478471 0.138022 0.235769 0.3269 0.142097 0.106485 0.123666 0.182459 0.147657 0.137884 0.0485821 0.046625 0.057682 0.116682 0.17739 0.239783 0.383965 0.402193 0.521463 0.334605 0.249747 0.15552 0.115308 0.147076 0.15315 0.142474 0.234356 0.202289 0.217332 0.409406 0.377969 0.407488 0.39886 0.499658 0.474691 0.513482 0.777188 0.669251 0.801923 0.769142 -9999 0.707901 0.567595 0.514567 -9999 -9999 -9999 -9999 -9999 -9999 -9999 -9999 -9999 -9999 -9999 -9999 -9999
0.795341 0.765491 0.621385 0.275015 0.253184 0.520594 0.264153 0.281482 0.453535 0.338073 0.170062 0.0957686 0.0831344 0.0880523 0.269975 0.226077 0.280298 0.423156 0.0929254 0.101354 0.0521883 0.225785 0.0657813 0.0551437 0.0528191 0.028462 0.104544 0.262288 0.25558 0.256601 0.467419 0.523722 0.201848 0.198394 0.189091 0.124334 0.0957719 0.1607 0.243553 0.241414 0.223842 0.282309 0.377499 0.576754 0.478129 0.597548 0.421527 0.660403 0.59833 0.50194 0.751678 0.820172 0.517065 0.675194 -9999 0.68549 -9999 -9999 -9999 -9999 -9999 -9999 -9999 -9999 -9999 -9999 -9999 -9999 -9999 -9999
0.756156 0.746436 0.595002 0.225454 0.155532 0.264598 0.204725 0.285128 0.299953 0.198107 0.295034 0.151903 0.171945 0.0946147 0.197994 0.180061 0.117254 0.202322 0.202038 0.138774 0.17093 0.182293 0.0445921 0.061324 0.0415898 0.0559297 0.160833 0.149795 0.0964006 0.339488 0.574628 0.236411 0.157091 0.0975643 0.119357 0.196668 0.129807 0.201098 0.40757 0.201713 0.283375 0.356525 0.402573 0.318682 0.390661 0.420603 0.572882 0.696146 0.75161 0.519299 0.489934 0.450111 0.468804 -9999 -9999 -9999 -9999 -9999 -9999 -9999 -9999 -9999 -9999 -9999 -9999 -9999 -9999 -9999 -9999 -9999
0.677628 0.801213 0.820033 0.442403 0.241917 0.196328 0.438883 0.194559 0.122727 0.142145 0.183002 0.355334 0.174413 0.220578 0.213021 0.114233 0.0955033 0.0986766 0.181159 0.369833 0.184797 0.0641265 0.0956699 0.0697393 0.15933 0.144877 0.221838 0.129673 0.107261 0.221614 0.358562 0.191123 0.124981 0.0901899 0.0721041 0.136782 0.133942 0.15395 0.555115 0.626431 0.462544 0.391073 0.48589 0.150666 0.164843 0.50922 0.401349 0.462973 0.779921 0.577953 0.624886 0.518255 0.332481 0.642691 -9999 -9999 -9999 -9999 -9999 -9999 -9999 -9999 -9999 -9999 -9999 -9999 -9999 -9999 -9999 -9999
0.673953 0.769387 0.725873 0.812834 0.676577 0.684039 0.211677 0.219958 0.153589 0.149743 0.18226 0.282056 0.115448 0.0976625 0.254006 0.13367 0.130385 0.153639 0.104403 0.146844 0.134891 0.0370378 0.0732369 0.0864873 0.220745 0.203541 0.130536 0.114565 0.154862 0.521588 0.228455 0.136418 0.157353 0.144533 0.0583331 0.0970684 0.207075 0.179151 0.394314 0.529082 0.391831 0.51777 0.405453 0.308352 0.273073 0.390439 0.436461 0.41314 0.442873 0.552661 0.621657 0.357356 0.600024 0.656475 0.67463 -9999 -9999 -9999 -9999 -9999 -9999 -9999 -9999 -9999 -9999 -9999 -9999 -9999 -9999 -9999
0.56467 0.713664 0.681436 0.777039 0.756461 0.662722 0.596077 0.212572 0.24148 0.171508 0.154809 0.215734 0.180332 0.167265 0.230201 0.205603 0.0555885 0.0824872 0.19325 0.126488 0.127205 0.155006 0.128205 0.0564525 0.0752783 0.229278 0.483447 0.355795 0.407293 0.419163 0.263687 0.160823 0.205413 0.0795937 0.200951 0.184421 0.149863 0.176835 0.521269 0.519831 0.590187 0.560882 0.345172 0.391511 0.758492 0.634356 0.499686 0.723448 0.563372 0.587606 0.896676 0.656564 0.507729 0.649489 0.63605 -9999 -9999 -9999 -9999 -9999 -9999 -9999 -9999 -9999 -9999 -9999 -9999 -9999 -9999 -9999
0.646324 0.73351 0.795733 0.696147 0.661004 0.537153 0.288674 0.54486 0.274047 0.488664 0.289327 0.207168 0.182129 0.08466 0.096303 0.0910708 0.137296 0.203182 0.150511 0.104575 0.10499 0.0798184 0.0466553 0.0430404 0.0507874 0.100033 0.183689 0.638815 0.71997 0.437839 0.144722 0.149876 0.122368 0.0599661 0.105311 0.230798 0.18423 0.250622 0.384597 0.468807 0.318011 0.292795 0.471004 0.407716 0.430432 0.475719 0.69863 0.526705 0.669917 0.655763 0.783196 0.744317 0.62443 0.67049 -9999 -9999 -9999 -9999 -9999 -9999 -9999 -9999 -9999 -9999 -9999 -9999 -9999 -9999 -9999 -9999
0.239639 0.454468 0.659865 0.873088 0.529429 0.53765 0.355547 0.555885 0.535203 0.468699 0.392782 0.315776 0.3155 0.17602 0.211475 0.121972 0.0763858 0.346001 0.190604 0.109934 0.068962 0.0889502 0.177965 0.0549028 0.0746828 0.0813632 0.182779 0.534932 0.470968 0.294835 0.118392 0.100434 0.105483 0.0642068 0.0590806 0.103111 0.208855 0.481913 0.458907 0.351797 0.367136 0.213086 0.109169 0.100416 0.0932399 0.190864 0.444825 0.695855 0.786949 0.91427 0.470551 0.5145 0.59051 0.649877 0.673846 -9999 -9999 -9999 -9999 -9999 -9999 -9999 -9999 -9999 -9999 -9999 -9999 -9999 -9999 -9999
0.3916 0.369919 0.67718 0.799786 0.533993 0.395362 0.382953 0.581687 0.500264 0.56649 0.499514 0.498914 0.120316 0.121355 0.0787164 0.163374 0.0589382 0.267431 0.0996655 0.0513897 0.0821883 0.0866653 0.0786287 0.0497288 0.0845572 0.11284 0.24635 0.454842 0.787792 0.31285 0.0718673 0.0512369 0.0636185 0.042678 0.0382198 0.0481445 0.167927 0.667608 0.634746 0.243285 0.150817 0.0598713 0.092506 0.101499 0.0838504 0.189241 0.540686 0.720638 0.803121 0.776752 0.792373 0.667634 0.589703 0.525419 -9999 -9999 -9999 -9999 -9999 -9999 -9999 -9999 -9999 -9999 -9999 -9999 -9999 -9999 -9999 -9999
0.731381 0.522572 0.639408 0.652278 0.600261 0.666046 0.611889 0.392921 0.602371 0.747051 0.641776 0.666718 0.396609 0.143662 0.137559 0.0898781 0.101181 0.273123 0.116204 0.13708 0.102554 0.145433 0.0510217 0.113809 0.130171 0.18124 0.179885 0.49546 0.733309 0.19991 0.130503 0.044602 0.0471954 0.083872 0.0296394 0.106623 0.231641 0.483057 0.367212 0.171448 0.068486 0.0729307 0.0959264 0.0828478 0.0873985 0.339141 0.5874 0.60594 0.537428 0.633825 0.711265 0.753717 0.646439 0.639416 0.465255 -9999 -9999 -9999 -9999 -9999 -9999 -9999 -9999 -9999 -9999 -9999 -9999 -9999 -9999 -9999
0.714434 0.679696 0.64534 0.721543 0.763677 0.660162 0.600367 0.886176 0.797296 0.868326 0.658426 0.30801 0.182758 0.128817 0.150168 0.0828583 0.387274 0.332254 0.11313 0.088589 0.0873937 0.124695 0.0862385 0.275324 0.185457 0.147475 0.16466 0.53659 0.696598 0.259191 0.23406 0.062269 0.0420722 0.0332948 0.0279403 0.140249 0.190265 0.348154 0.318811 0.132526 0.107666 0.121707 0.0839131 0.0633953 0.209674 0.475248 0.614141 0.447881 0.398898 0.614566 0.361939 0.343426 0.393614 0.707439 -9999 -9999 -9999 -9999 -9999 -9999 -9999 -9999 -9999 -9999 -9999 -9999 -9999 -9999 -9999 -9999
0.655324 0.558148 0.709079 0.72445 0.82902 0.56114 0.542296 0.541229 0.681364 0.558972 0.803475 0.353514 0.441353 0.28234 0.102747 0.139304 0.294082 0.0870778 0.118234 0.121513 0.0914205 0.0765697 0.0780145 0.166287 0.323188 0.281528 0.333267 0.738653 0.567536 0.577794 0.338527 0.0788855 0.0692302 0.0688998 0.0787652 0.251199 0.323688 0.470756 0.225569 0.124839 0.0744343 0.130651 0.103793 0.180536 0.301542 0.347641 0.494047 0.25778 0.274246 0.289336 0.305199 0.46005 0.505662 0.374303 -9999 -9999 -9999 -9999 -9999 -9999 -9999 -9999 -9999 -9999 -9999 -9999 -9999 -9999 -9999 -9999
0.763871 0.654997 0.547789 0.758178 0.709819 0.6887 0.757228 0.616078 0.755126 0.544962 0.449257 0.532562 0.33176 0.49854 0.191947 0.282455 0.352898 0.0710602 0.042155 0.105984 0.0802611 0.0546158 0.0920079 0.0947379 0.190274 0.517994 0.368567 0.733163 0.582761 0.297188 0.195359 0.0722802 0.111549 0.117048 0.274909 0.24587 0.441029 0.394056 0.28931 0.151879 0.120425 0.182794 0.118242 0.177085 0.450694 0.401105 0.537968 0.425566 0.453794 0.420606 0.481019 0.488923 0.32423 0.439161 -9999 -9999 -9999 -9999 -9999 -9999 -9999 -9999 -9999 -9999 -9999 -9999 -9999 -9999 -9999 -9999
0.729591 0.740485 0.707266 0.72103 0.771949 0.559972 0.576726 0.700911 0.673736 0.588184 0.33558 0.482946 0.789973 0.77101 0.831135 0.697809 0.23501 0.0439872 0.0495536 0.0933284 0.0865725 0.140451 0.0663722 0.11226 0.20875 0.555287 0.711719 0.726938 0.626363 0.500526 0.155645 0.0841463 0.13182 0.125105 0.151822 0.278902 0.395256 0.270538 0.400961 0.246515 0.115464 0.172875 0.123455 0.245623 0.258236 0.488702 0.369933 0.549745 0.434367 0.613096 0.603786 0.763674 0.518494 0.594682 -9999 -9999 -9999 -9999 -9999 -9999 -9999 -9999 -9999 -9999 -9999 -9999 -9999 -9999 -9999 -9999
0.813316 0.776728 0.767125 0.743709 0.661346 0.456158 0.643668 0.480083 0.702401 0.657919 0.304061 0.234802 0.221223 0.671523 0.719136 0.710261 0.260753 0.0913693 0.0715422 0.0919092 0.457646 0.451804 0.257816 0.182589 0.207248 0.310152 0.83861 0.646634 0.247235 0.2879 0.161997 0.107272 0.114642 0.224505 0.17363 0.306303 0.378231 0.160887 0.258356 0.431268 0.320635 0.177028 0.188646 0.141406 0.200243 0.407335 0.519877 0.504191 0.588953 0.612169 0.757609 0.697989 0.645833 -9999 -9999 -9999 -9999 -9999 -9999 -9999 -9999 -9999 -9999 -9999 -9999 -9999 -9999 -9999 -9999 -9999
0.865085 0.783784 0.867296 0.795218 0.711778 0.540906 0.330186 0.30922 0.488271 0.665741 0.197404 0.105764 0.252139 0.316789 0.475044 0.553245 0.564494 0.284052 0.154477 0.141685 0.318666 0.596317 0.466801 0.145304 0.343154 0.534642 0.668935 0.69471 0.178538 0.210793 0.171634 0.171934 0.20308 0.196351 0.312274 0.493519 0.228556 0.235901 0.230169 0.278227 0.276903 0.214316 0.334277 0.247906 0.520834 0.429628 0.685931 0.501748 0.561985 0.663801 0.708169 0.785944 -9999 -9999 -9999 -9999 -9999 -9999 -9999 -9999 -9999 -9999 -9999 -9999 -9999 -9999 -9999 -9999 -9999 -9999
0.608128 0.623152 0.630459 0.714716 0.770858 0.728094 0.487765 0.488947 0.383992 0.520331 0.0968789 0.13598 0.0922598 0.460201 0.260136 0.454004 0.724443 0.742674 0.575159 0.371005 0.550479 0.50435 0.316013 0.217442 0.195934 0.757723 0.732429 0.415267 0.714145 0.559107 0.212605 0.123623 0.198921 0.265415 0.255522 0.149628 0.115855 0.30431 0.311393 0.208645 0.174381 0.20478 0.284611 0.322386 0.334221 0.523508 0.580489 0.679118 0.765362 0.582977 0.727948 -9999 -9999 -9999 -9999 -9999 -9999 -9999 -9999 -9999 -9999 -9999 -9999 -9999 -9999 -9999 -9999 -9999 -9999 -9999
0.757133 0.859429 0.799063 0.919241 0.812961 0.611427 0.580446 0.584114 0.393464 0.518032 0.102214 0.070856 0.0851228 0.372229 0.186549 0.133224 0.135602 0.610598 0.537549 0.838675 0.60394 0.171717 0.319085 0.442184 0.634922 0.588522 0.866026 0.628687 0.34063 0.39405 0.170527 0.123631 0.135732 0.191632 0.226062 0.13239 0.131373 0.195395 0.350633 0.5398 0.247089 0.300039 0.344781 0.418656 0.496186 0.505859 0.589532 -9999 -9999 -9999 -9999 -9999 -9999 -9999 -9999 -9999 -9999 -9999 -9999 -9999 -9999 -9999 -9999 -9999 -9999 -9999 -9999 -9999 -9999 -9999
