data/maps/health_re.txt
ncols         643
nrows         661
xllcorner     8515.9999992026
yllcorner     47670.999937602
cellsize      1000
NODATA_value  -9999
[rows 150 to 179 of 661, columns 134 to 200 of 643]
-9999 -9999 0.03871613 0.03871613 0.03871613 0.03871613 0.03871613 0.03871613 0.03871613 0.03871613 0.03871613 0.03871613 0.03871613 0.03871613 0.03871613 0.03871613 0.03871613 -9999 0.1837249 0.1837249 0.1837249 0.1837249 0.1837249 0.1837249 0.1837249 0.3434126 0.3434126 0.3434126 0.3434126 0.3434126 0.1837249 0.1837249 0.1837249 0.1837249 0.1837249 0.1837249 0.1837249 0 0 0 0 0 0 0 0 0 0 0 0 0.4357219 0.4357219 0.4357219 0.4357219 0.1199656 0.1199656 0.1199656 0.4893506 0.4893506 0.2215104 0.2215104 0.2215104 0.2215104 0.5283533 0.5283533 0.5283533 0.5283533 0.5283533
-9999 -9999 0.03871613 0.03871613 0.03871613 0.03871613 0.03871613 0.03871613 0.03871613 0.03871613 0.03871613 0.03871613 0.03871613 0.03871613 0.03871613 0.03871613 -9999 -9999 0.1837249 0.1837249 0.1837249 0.1837249 0.1837249 0.1837249 0.1837249 0.3434126 0.3434126 0.3434126 0.3434126 0.3434126 0.3434126 0.1837249 0.1837249 0.1837249 0.1837249 0.1837249 0.1837249 0.1837249 0.1837249 0 0 0 0 0 0 0 0 0 0 0.4357219 0.4357219 0.4357219 0.4357219 0.1199656 0.1199656 0.1199656 0.4893506 0.4893506 0.4893506 0.2215104 0.2215104 0.4893506 0.4893506 0.4893506 0.3704483 0.3704483 0.3704483
-9999 -9999 -9999 0.03871613 0.03871613 0.03871613 0.03871613 0.03871613 0.03871613 0.03871613 0.03871613 -9999 0.03871613 0.03871613 0.03871613 -9999 -9999 -9999 0.1837249 0.1837249 0.1837249 0.1837249 0.1837249 0.3434126 0.3434126 0.3434126 0.3434126 0.3434126 0.3434126 0.3434126 0.3434126 0.1837249 0.1837249 0.1837249 0.1837249 0.1837249 0.1837249 0.1837249 0.1837249 0.1837249 0 0 0 0 0 0 0 0 0 0.4357219 0.4357219 0.4357219 0.4357219 0.1199656 0.1199656 0.1199656 0.4893506 0.4893506 0.4893506 0.4893506 0.4893506 0.4893506 0.4893506 0.4279432 0.3704483 0.3704483 0.3704483
-9999 -9999 -9999 -9999 -9999 0.03871613 0.03871613 0.03871613 0.03871613 0.03871613 -9999 -9999 -9999 -9999 -9999 -9999 -9999 -9999 -9999 -9999 -9999 0.1837249 0.3434126 0.3434126 0.3434126 0.3434126 0.3434126 0.3434126 0.3434126 0.3434126 0.3434126 0.3434126 0.3434126 0.1837249 0.1837249 0.1837249 0.1837249 0.1837249 0.1837249 0.1837249 0.7100533 0 0 0 0 0 0 0 0 0.4357219 0.4357219 0.4357219 0.3144688 0.3144688 0.1199656 0.1199656 0.4893506 0.4893506 0.4893506 0.4893506 0.4893506 0.4279432 0.4279432 0.4279432 0.3704483 0.3704483 0.3704483
-9999 -9999 -9999 -9999 -9999 -9999 -9999 -9999 -9999 -9999 -9999 -9999 -9999 -9999 0.03871613 0.03871613 -9999 -9999 -9999 -9999 -9999 -9999 -9999 0.3434126 0.3434126 0.3434126 0.3434126 0.3434126 0.3434126 0.3434126 0.3434126 0.3434126 0.3434126 0.355959 0.355959 0.1837249 0.1837249 0.1837249 0.1837249 0.1837249 0.7100533 0.7100533 0 0 0 0 0 0.4357219 0.4357219 0.4357219 0.4357219 0.3144688 0.3144688 0.3144688 0.1199656 0.1199656 0.1199656 0.1199656 0.4893506 0.4893506 0.4279432 0.4279432 0.4279432 0.4279432 0.3704483 0.3704483 0.3704483
-9999 -9999 -9999 -9999 -9999 -9999 -9999 -9999 -9999 -9999 -9999 -9999 -9999 -9999 -9999 -9999 -9999 -9999 -9999 -9999 -9999 -9999 -9999 -9999 -9999 -9999 -9999 -9999 0.3434126 0.355959 0.355959 0.355959 0.355959 0.355959 0.355959 0.355959 0.355959 0.355959 0.355959 0.7100533 0.7100533 0.7100533 0.7100533 0.7100533 0 0 0.4581414 0.4581414 0.4581414 0.3144688 0.3144688 0.3144688 0.3144688 0.1199656 0.1199656 0.1199656 0.1199656 0.1199656 0.1199656 0.4893506 0.4279432 0.4279432 0.4279432 0.4279432 0.3704483 0.3704483 0.3704483
-9999 -9999 -9999 -9999 -9999 -9999 -9999 -9999 -9999 -9999 -9999 -9999 -9999 -9999 -9999 -9999 -9999 -9999 -9999 -9999 -9999 -9999 -9999 -9999 -9999 -9999 -9999 0.3434126 0.3434126 0.3434126 0.3434126 0.355959 0.355959 0.355959 0.355959 0.355959 0.355959 0.355959 0.7100533 0.7100533 0.7100533 0.7100533 0.7100533 0.7100533 0.7100533 0.4581414 0.4581414 0.4581414 0.4581414 0.4581414 0.3144688 0.3144688 0.3144688 0.3144688 0.1199656 0.1387872 0.1199656 0.1387872 0.1387872 0.1387872 0.3550125 0.3550125 0.4279432 0.4279432 0.4025173 0.4025173 0.4025173
-9999 -9999 -9999 -9999 -9999 -9999 -9999 -9999 -9999 -9999 -9999 -9999 -9999 -9999 -9999 -9999 -9999 -9999 -9999 -9999 -9999 -9999 -9999 -9999 -9999 -9999 0.3434126 0.3434126 0.3434126 0.3434126 0.3434126 0.355959 0.355959 0.355959 0.355959 0.355959 0.355959 0.7100533 0.7100533 0.7100533 0.7100533 0.7100533 0.7100533 0.7100533 0.7100533 0.7100533 0.4581414 0.4581414 0.4581414 0.4581414 0.4581414 0.3144688 0.3144688 0.3144688 0.1387872 0.1387872 0.1387872 0.1387872 0.1387872 0.1387872 0.3550125 0.3550125 0.3550125 0.3550125 0.4025173 0.4025173 0.1860084
-9999 -9999 -9999 -9999 -9999 -9999 -9999 -9999 -9999 -9999 -9999 -9999 -9999 -9999 -9999 -9999 -9999 -9999 -9999 -9999 -9999 -9999 0.3434126 0.3434126 0.3434126 0.3434126 0.3434126 0.3434126 0.3434126 0.3434126 0.3434126 0.3434126 0.355959 0.355959 0.355959 0.355959 0.355959 0.7100533 0.7100533 0.7100533 0.7100533 0.7100533 0.7100533 0.7100533 0.7100533 0.5492115 0.7100533 0.4653922 0.4581414 0.4581414 0.4581414 0.4581414 0.4581414 0.4581414 0.2581412 0.2581412 0.2581412 0.1387872 0.1387872 0.3550125 0.3550125 0.3550125 0.3550125 0.3550125 0.4025173 0.4025173 0.4025173
-9999 -9999 -9999 -9999 -9999 -9999 0.003035346 0.003035346 -9999 0.003035346 -9999 -9999 -9999 -9999 -9999 -9999 -9999 -9999 -9999 0.045051 -9999 -9999 0.3434126 0.3434126 0.3434126 0.3434126 0.3434126 0.3434126 0.3434126 0.3434126 0.355959 0.355959 0.355959 0.355959 0.355959 0.355959 1 1 1 0.7100533 1 0.7100533 0.7100533 0.7100533 0.7100533 0.5492115 0.5492115 0.4653922 0.4653922 0.4581414 0.4581414 0.4581414 0.4581414 0.4581414 0.2581412 0.2581412 0.2581412 0.2581412 0.3550125 0.3550125 0.3550125 0.3550125 0.3550125 0.4025173 0.4025173 0.4025173 0.4025173
0.003035346 0.003035346 0.003035346 -9999 -9999 0.003035346 0.003035346 -9999 0.003035346 0.003035346 0.003035346 -9999 -9999 0.045051 0.045051 -9999 -9999 -9999 0.045051 0.045051 -9999 -9999 0.3434126 0.3434126 0.3434126 0.3434126 0.3434126 0.3434126 0.3434126 0.355959 0.355959 0.355959 0.355959 0.355959 0.355959 0.355959 1 1 1 1 1 1 0.5492115 0.7100533 0.7100533 0.5492115 0.5492115 0.5492115 0.4653922 0.4653922 0.4653922 0.4653922 0.4653922 0.2581412 0.2581412 0.2581412 0.2581412 0.2581412 0.2581412 0.5923818 0.5923818 0.5923818 0.3550125 0.4025173 0.4025173 0.4025173 0.7633278
-9999 -9999 -9999 -9999 -9999 -9999 -9999 0.003035346 0.003035346 0.003035346 -9999 -9999 -9999 0.045051 0.045051 0.045051 0.045051 -9999 0.045051 0.045051 -9999 -9999 0.3434126 0.3434126 0.3434126 0.3434126 0.3434126 0.3434126 0.3434126 0.3434126 0.355959 0.513527 0.513527 0.513527 0.513527 0.513527 1 1 1 1 1 1 0.5492115 0.5492115 0.5492115 0.5492115 0.5492115 0.4653922 0.4653922 0.4653922 0.4653922 0.4653922 0.4653922 0.2581412 0.2581412 0.2581412 0.2581412 0.2581412 0.5923818 0.5923818 0.5923818 0.5923818 0.5923818 0.7633278 0.4025173 0.7633278 0.7633278
-9999 -9999 -9999 -9999 -9999 -9999 -9999 -9999 -9999 -9999 -9999 -9999 -9999 0.045051 0.045051 0.045051 0.045051 0.045051 0.045051 -9999 -9999 -9999 0.3434126 0.3434126 0.3434126 0.3434126 0.3434126 0.3434126 0.3434126 0.513527 0.513527 0.513527 0.513527 0.513527 0.513527 1 1 1 1 1 1 1 0.5492115 0.5492115 0.5492115 0.5492115 0.5492115 0.4653922 0.4653922 0.4653922 0.4653922 0.4376853 0.4376853 0.4376853 0.2581412 0.2581412 0.2581412 0.3663253 0.3663253 0.5923818 0.5923818 0.5923818 0.5923818 0.5923818 0.7633278 0.7633278 0.7633278
-9999 -9999 -9999 -9999 -9999 -9999 -9999 -9999 -9999 -9999 -9999 -9999 0.045051 0.045051 0.045051 0.045051 0.045051 0.045051 0.045051 0.045051 -9999 -9999 -9999 0.3434126 0.3434126 0.3434126 0.3434126 0.3434126 0.3434126 0.3434126 0.513527 0.513527 0.513527 0.513527 0.513527 1 1 1 1 1 1 1 0.5123574 0.5492115 0.5123574 0.5492115 0.5123574 0.5123574 0.4653922 0.4653922 0.4653922 0.4376853 0.4376853 0.4376853 0.4376853 0.4376853 0.3663253 0.3663253 0.3663253 0.3663253 0.5923818 0.5923818 0.5923818 0.5923818 0.7633278 0.7633278 0.7633278
-9999 -9999 -9999 -9999 -9999 -9999 0.045051 0.045051 0.045051 0.045051 0.045051 0.045051 0.045051 0.045051 0.045051 0.045051 0.045051 0.045051 0.045051 0.045051 -9999 -9999 -9999 0.3434126 -9999 -9999 0.3434126 0.3434126 0.3434126 0.3434126 0.513527 0.513527 0.513527 0.513527 0.513527 1 1 1 1 1 1 0.5123574 0.5123574 0.5123574 0.5123574 0.5123574 0.5123574 0.5123574 0.4653922 0.4653922 0.4376853 0.4376853 0.4376853 0.4376853 0.4376853 0.4376853 0.3663253 0.3663253 0.3663253 0.3663253 0.5923818 0.5923818 0.5923818 0.5923818 0.5923818 0.5923818 0.7633278
-9999 -9999 -9999 -9999 0.045051 0.045051 0.045051 0.045051 0.045051 0.045051 0.045051 0.045051 0.045051 0.045051 0.045051 0.045051 0.045051 0.045051 0.045051 0.045051 -9999 -9999 -9999 0.06063273 0.06063273 0.06063273 0.06063273 0.3434126 0.3434126 0.3434126 0.3434126 0.513527 0.513527 0.513527 0.513527 1 1 1 1 1 1 1 0.5123574 0.5123574 0.5123574 0.3656682 0.3656682 0.5123574 0.4653922 0.4376853 0.3223248 0.3223248 0.3223248 0.3223248 0.4376853 0.4376853 0.3663253 0.3663253 0.3663253 0.3663253 0.5923818 0.5923818 0.5923818 0.5923818 0.5923818 0.5923818 0.5923818
-9999 -9999 -9999 0.045051 0.045051 0.045051 0.045051 0.045051 0.045051 0.045051 0.045051 0.045051 0.045051 0.045051 0.045051 0.045051 -9999 0.045051 -9999 -9999 -9999 -9999 0.045051 0.045051 0.045051 0.06063273 0.06063273 0.3382082 0.3434126 0.3434126 0.513527 0.513527 0.513527 0.513527 0.513527 0.513527 1 1 1 1 1 0.5123574 0.5123574 0.5123574 0.3656682 0.3656682 0.2366545 0.2366545 0.2366545 0.3223248 0.3223248 0.3223248 0.3223248 0.3223248 0.4376853 0.4376853 0.3663253 0.3663253 0.3663253 0.3663253 0.3663253 0.5923818 0.5923818 0.5923818 0.5923818 0.5923818 0.5923818
0.045051 0.045051 0.045051 0.045051 0.045051 0.045051 0.045051 0.045051 0.045051 0.045051 0.045051 0.045051 0.045051 0.045051 0.045051 -9999 -9999 -9999 -9999 -9999 -9999 -9999 0.045051 -9999 0.045051 0.045051 0.06063273 0.3382082 0.3382082 0.3382082 0.513527 0.513527 0.4275903 0.4275903 0.4275903 0.513527 0.4275903 0.4275903 0.3780758 1 1 1 1 0.3656682 0.3656682 0.3656682 0.3656682 0.2366545 0.2366545 0.2366545 0.3223248 0.3223248 0.3223248 0.3223248 0.3223248 0.3223248 0.3663253 0.3663253 0.3663253 0.3663253 0.3663253 0.3663253 0.5923818 0.3663253 0.3663253 0.5923818 0.5923818
-9999 0.045051 0.045051 0.045051 0.045051 0.045051 0.045051 0.045051 0.045051 0.045051 0.045051 0.045051 0.045051 -9999 -9999 -9999 -9999 -9999 -9999 -9999 -9999 -9999 0.045051 0.045051 0.045051 0.3382082 0.3382082 0.3382082 0.3382082 0.3382082 0.3382082 0.4275903 0.4275903 0.4275903 0.4275903 0.4275903 0.4275903 0.4275903 0.3780758 0.3780758 0.3780758 1 0.3656682 0.3656682 0.3656682 0.3656682 0.3656682 0.2366545 0.2366545 0.2366545 0.3223248 0.3223248 0.3223248 0.3223248 0.3223248 0.3223248 0.3663253 0.04649139 0.3663253 0.3663253 0.3663253 0.3663253 0.3663253 0.3663253 0.3663253 0.3663253 0.5923818
-9999 -9999 0.045051 0.045051 0.045051 0.045051 0.045051 0.045051 0.045051 0.045051 0.045051 0.045051 -9999 -9999 -9999 -9999 -9999 -9999 -9999 -9999 -9999 -9999 0.045051 0.045051 0.045051 0.3382082 0.3382082 0.3382082 0.3382082 0.3382082 0.4275903 0.4275903 0.4275903 0.4275903 0.4275903 0.4275903 0.4275903 0.4275903 0.3780758 0.3780758 0.3780758 0.3780758 0.3780758 0.3656682 0.3656682 0.3656682 0.3656682 0.3656682 0.2366545 0.2366545 0.2366545 0.3223248 0.3223248 0.3223248 0.3223248 0.04649139 0.04649139 0.04649139 0.04649139 0.04649139 0.04649139 0.3663253 0.3663253 0.3663253 0.3663253 0 0
-9999 -9999 0.045051 -9999 -9999 0.045051 0.045051 0.045051 0.045051 0.045051 0.045051 -9999 -9999 -9999 -9999 -9999 -9999 -9999 -9999 -9999 -9999 0.045051 -9999 -9999 0.045051 0.3382082 0.3382082 0.3382082 0.3382082 0.3382082 0.3382082 0.4275903 0.4275903 0.4275903 0.4275903 0.4275903 0.4275903 0.3780758 0.3780758 0.3780758 0.3780758 0.3780758 0.3780758 0.3656682 0.3656682 0.3656682 0.3656682 0.3656682 0.2366545 0.2366545 0.2366545 0 0.3223248 0.3223248 0.04649139 0.04649139 0.04649139 0.04649139 0.04649139 0.04649139 0.04649139 0.3663253 0.3663253 0.3663253 0.3663253 0 0
-9999 -9999 -9999 -9999 -9999 -9999 0.045051 0.045051 0.045051 0.045051 -9999 -9999 -9999 -9999 -9999 -9999 -9999 -9999 -9999 -9999 -9999 -9999 -9999 0.045051 0.045051 0.3382082 0.2382708 0.2382708 0.3382082 0.3382082 0.3382082 0.2382708 0.4275903 0.4275903 0.4275903 0.4275903 0.4275903 0.3780758 0.3780758 0.3780758 0.3780758 0.3780758 0.3780758 0.3656682 0.3656682 0.3656682 0.3656682 0.3656682 0.3656682 0 0 0 0 0 0.04649139 0.04649139 0.04649139 0.04649139 0.04649139 0.04649139 0.04649139 0.3663253 0.3663253 0.3663253 0 0 0
-9999 -9999 -9999 -9999 -9999 -9999 0.045051 0.045051 0.045051 -9999 -9999 -9999 -9999 -9999 -9999 -9999 -9999 -9999 -9999 -9999 -9999 -9999 -9999 0.2382708 0.2382708 0.2382708 0.2382708 0.2382708 0.2382708 0.2382708 0.2382708 0.4275903 0.4275903 0.4275903 0.4275903 0.4275903 0.3780758 0.3780758 0.3780758 0.3780758 0.3780758 0.3780758 0.3780758 0.3780758 0.3656682 0.3656682 0.3656682 0.3656682 0 0 0 0 0 0 0.04649139 0.04649139 0.04649139 0.04649139 0.04649139 0.04649139 0.04649139 0 0 0 0 0 0
-9999 -9999 -9999 -9999 -9999 -9999 -9999 -9999 -9999 -9999 -9999 -9999 -9999 -9999 -9999 -9999 -9999 -9999 -9999 -9999 -9999 -9999 -9999 0.2382708 0.2382708 0.2382708 0.2382708 0.2382708 0.2382708 0.2382708 0.4275903 0.4275903 0.4275903 0.4275903 0.4275903 0.4275903 0.3780758 0.3780758 0.3780758 0.3780758 0.3780758 0.3780758 0.3780758 0.3780758 0.3656682 0.3656682 0.3656682 0.3656682 0 0 0 0 0 0 0 0.04649139 0.04649139 0.04649139 0.04649139 0.04649139 0.04649139 0 0 0 0 0 0
-9999 -9999 -9999 -9999 -9999 0.045051 -9999 0.045051 -9999 -9999 -9999 -9999 -9999 -9999 -9999 -9999 -9999 -9999 -9999 -9999 -9999 -9999 -9999 0.2382708 0.2382708 0.2382708 0.2382708 0.2382708 0.2382708 0.2382708 0.4275903 0.4275903 0.4275903 0.4275903 0.4275903 0.3780758 0.3780758 0.3780758 0.3780758 0.3780758 0.3780758 0.3780758 0.3780758 0.3780758 0.3656682 0.3656682 0 0 0 0 0 0 0 0 0 0.04649139 0.09916313 0.04649139 0.09916313 0.09916313 0.09916313 0 0 0 0 0 0
-9999 -9999 -9999 0.045051 0.045051 0.045051 0.045051 -9999 -9999 -9999 -9999 -9999 -9999 -9999 -9999 -9999 -9999 -9999 -9999 -9999 -9999 -9999 -9999 0.2382708 0.2382708 0.2382708 0.2382708 0.2382708 0.2382708 0.4275903 0.4275903 0.4275903 0.4275903 0.4275903 -9999 -9999 -9999 0.3780758 0.3780758 0.3780758 0.3780758 0.3780758 0.3780758 0.3780758 0.3780758 0.3780758 0.3780758 0 0 0 0 0 0 0 0 0 0.09916313 0.09916313 0.09916313 0.09916313 0.09916313 0 0 0 0 0 0
-9999 -9999 -9999 -9999 -9999 0.045051 0.045051 0.045051 -9999 -9999 -9999 -9999 -9999 -9999 -9999 -9999 -9999 -9999 -9999 -9999 -9999 -9999 -9999 0.2382708 0.2382708 0.2382708 0.2382708 0.2382708 0.2382708 0.4275903 0.4275903 0.4275903 0.4275903 -9999 0.3780758 0.3780758 0.3780758 0.3780758 0.3780758 0.3780758 0.3780758 0.3780758 0.3780758 0.3780758 0.3780758 0.3780758 0.3780758 0 0 0 0 0 0 0 0 0.09916313 0.09916313 0.09916313 0.09916313 0.09916313 0.09916313 0 0 0 0 0 0
-9999 -9999 -9999 -9999 -9999 0.045051 0.045051 0.045051 -9999 -9999 -9999 -9999 -9999 -9999 -9999 -9999 -9999 -9999 -9999 -9999 -9999 -9999 -9999 -9999 0.2382708 0.2382708 0.2382708 0.2382708 0.2382708 -9999 -9999 -9999 -9999 0.3780758 0.3780758 0.3780758 0.3780758 0.3780758 0.3780758 0.3780758 0.3780758 0.3780758 0.3780758 0.3780758 0.3780758 0.3780758 0.3780758 0 0 0 0 0 0 0 0 0.09916313 0.09916313 0.09916313 0.09916313 0.09916313 0 0 0 0 0 0 0
-9999 -9999 -9999 -9999 -9999 0.045051 0.045051 -9999 -9999 -9999 -9999 -9999 -9999 -9999 -9999 -9999 -9999 -9999 -9999 -9999 -9999 -9999 -9999 -9999 -9999 0.2382708 0.2382708 0.2382708 -9999 -9999 -9999 -9999 0.3780758 0.3780758 0.3780758 0.3780758 0.3780758 0.3780758 0.3780758 0.3780758 0.3780758 0.3780758 0.3780758 0.3780758 0.3780758 0.3780758 0 0 0 0 0.2351067 0.2351067 0.2351067 0 0.09916313 0.09916313 0.09916313 0.09916313 0.09916313 0.09916313 0 0 0 0 0 0 0
-9999 -9999 -9999 -9999 -9999 -9999 -9999 -9999 -9999 -9999 -9999 -9999 -9999 -9999 -9999 -9999 -9999 -9999 -9999 -9999 -9999 -9999 -9999 -9999 -9999 -9999 0.2382708 -9999 -9999 -9999 -9999 -9999 0.3780758 0.3780758 0.3780758 0.3780758 0.3780758 0.3780758 0.3780758 0.3780758 0.3780758 0.3780758 0 0 0.3780758 0 0 0 0 0.2351067 0.2351067 0.2351067 0.2351067 0.2351067 0.09916313 0.09916313 0.09916313 0.09916313 0.09916313 0 0 0 0 0 0 0 0
