data/maps/landslide_re.txt
ncols         643
nrows         661
xllcorner     8515.9999992024
yllcorner     47670.999937602
cellsize      1000
NODATA_value  -9999
[rows 136 to 169 of 661, columns 154 to 230 of 643]
-9999 -9999 -9999 -9999 -9999 -9999 -9999 -9999 -9999 -9999 -9999 -9999 -9999 -9999 -9999 -9999 -9999 -9999 0.361 0.43 0.355 0.355 0.548 0.514 0.751 0.641 0.561 0.64 0.606 0.584 0.592 0.592 0.631 0.651 0.674 0.7 0.748 0.687 0.56 0.414 0.414 0.415 0.425 0.538 0.475 0.438 0.44 0.633 0.632 0.657 0.598 0.598 0.54 0.528 0.55 0.521 0.578 0.714 0.692 0.589 0.695 0.695 0.688 0.509 0.581 0.609 0.618 0.558 0.626 0.497 0.399 0.399 0.432 0.523 0.421 0.463 0.506
-9999 -9999 -9999 -9999 -9999 -9999 -9999 -9999 -9999 -9999 -9999 -9999 -9999 -9999 -9999 -9999 -9999 -9999 0.361 0.412 0.395 0.395 0.458 0.429 0.777 0.583 0.637 0.72 0.627 0.58 0.573 0.573 0.651 0.678 0.639 0.63 0.69 0.765 0.593 0.464 0.464 0.364 0.565 0.539 0.386 0.501 0.469 0.678 0.701 0.748 0.563 0.563 0.677 0.488 0.508 0.516 0.654 0.729 0.651 0.517 0.734 0.734 0.644 0.631 0.538 0.607 0.61 0.715 0.536 0.414 0.454 0.454 0.484 0.46 0.451 0.459 0.42
-9999 -9999 -9999 -9999 -9999 -9999 -9999 -9999 -9999 -9999 -9999 -9999 -9999 -9999 -9999 -9999 -9999 -9999 0.406 0.308 0.321 0.321 0.28 0.332 0.419 0.631 0.768 0.627 0.738 0.739 0.68 0.68 0.592 0.687 0.643 0.744 0.672 0.697 0.719 0.469 0.469 0.46 0.755 0.646 0.519 0.422 0.53 0.599 0.577 0.626 0.706 0.706 0.49 0.486 0.579 0.733 0.634 0.539 0.501 0.488 0.656 0.656 0.666 0.471 0.425 0.55 0.471 0.462 0.453 0.559 0.641 0.641 0.365 0.356 0.373 0.468 0.393
-9999 -9999 -9999 -9999 -9999 -9999 -9999 -9999 -9999 -9999 -9999 -9999 -9999 -9999 -9999 0.335 0.397 0.323 0.332 0.307 0.321 0.321 0.29 0.283 0.385 0.539 0.662 0.618 0.713 0.648 0.511 0.511 0.563 0.622 0.669 0.774 0.773 0.657 0.734 0.509 0.509 0.689 0.673 0.791 0.655 0.516 0.603 0.637 0.695 0.652 0.485 0.485 0.485 0.642 0.489 0.635 0.488 0.558 0.489 0.49 0.474 0.474 0.51 0.549 0.587 0.392 0.469 0.532 0.492 0.536 0.415 0.415 0.424 0.531 0.395 0.39 0.392
-9999 -9999 -9999 -9999 -9999 -9999 -9999 -9999 -9999 -9999 -9999 -9999 -9999 -9999 -9999 0.335 0.397 0.323 0.332 0.307 0.321 0.321 0.29 0.283 0.385 0.539 0.662 0.618 0.713 0.648 0.511 0.511 0.563 0.622 0.669 0.774 0.773 0.657 0.734 0.509 0.509 0.689 0.673 0.791 0.655 0.516 0.603 0.637 0.695 0.652 0.485 0.485 0.485 0.642 0.489 0.635 0.488 0.558 0.489 0.49 0.474 0.474 0.51 0.549 0.587 0.392 0.469 0.532 0.492 0.536 0.415 0.415 0.424 0.531 0.395 0.39 0.392
-9999 -9999 -9999 -9999 -9999 -9999 -9999 -9999 -9999 -9999 -9999 -9999 -9999 -9999 -9999 0.373 0.51 0.352 0.308 0.317 0.314 0.314 0.361 0.285 0.358 0.341 0.619 0.4 0.582 0.523 0.494 0.494 0.571 0.698 0.587 0.581 0.637 0.688 0.599 0.589 0.589 0.454 0.764 0.715 0.708 0.568 0.61 0.514 0.716 0.702 0.407 0.407 0.493 0.417 0.63 0.576 0.548 0.438 0.486 0.381 0.585 0.585 0.486 0.572 0.505 0.416 0.57 0.495 0.526 0.495 0.353 0.353 0.459 0.378 0.341 0.48 0.412
-9999 -9999 -9999 -9999 -9999 -9999 -9999 -9999 -9999 -9999 -9999 -9999 -9999 -9999 -9999 0.344 0.399 0.485 0.268 0.373 0.302 0.302 0.37 0.278 0.309 0.333 0.476 0.35 0.493 0.455 0.532 0.532 0.562 0.677 0.548 0.605 0.693 0.643 0.652 0.371 0.371 0.335 0.768 0.665 0.676 0.635 0.617 0.44 0.542 0.676 0.451 0.451 0.544 0.522 0.494 0.506 0.537 0.491 0.416 0.486 0.304 0.304 0.419 0.424 0.516 0.46 0.443 0.404 0.407 0.493 0.323 0.323 0.392 0.478 0.446 0.467 0.588
-9999 -9999 -9999 -9999 -9999 -9999 -9999 -9999 -9999 -9999 -9999 -9999 -9999 -9999 -9999 0.327 0.339 0.409 0.408 0.3 0.295 0.295 0.381 0.275 0.249 0.376 0.391 0.429 0.403 0.465 0.586 0.586 0.491 0.424 0.654 0.538 0.536 0.601 0.552 0.412 0.412 0.425 0.635 0.619 0.615 0.656 0.498 0.623 0.445 0.747 0.33 0.33 0.453 0.46 0.663 0.488 0.406 0.452 0.579 0.359 0.359 0.359 0.41 0.506 0.492 0.57 0.508 0.497 0.422 0.254 0.459 0.459 0.487 0.426 0.428 0.391 0.379
-9999 -9999 -9999 -9999 -9999 -9999 -9999 -9999 -9999 -9999 -9999 -9999 -9999 -9999 -9999 0.347 0.332 0.345 0.377 0.329 0.33 0.33 0.375 0.283 0.308 0.27 0.383 0.368 0.391 0.423 0.562 0.562 0.488 0.452 0.528 0.454 0.525 0.56 0.484 0.363 0.346 0.346 0.588 0.629 0.521 0.654 0.455 0.744 0.36 0.568 0.317 0.317 0.514 0.491 0.681 0.691 0.518 0.438 0.505 0.391 0.386 0.386 0.435 0.453 0.522 0.311 0.386 0.49 0.436 0.258 0.465 0.465 0.455 0.403 0.357 0.412 0.428
-9999 -9999 -9999 -9999 -9999 -9999 -9999 -9999 -9999 -9999 -9999 -9999 -9999 0.324 0.349 0.349 0.343 0.328 0.37 0.358 0.373 0.373 0.291 0.346 0.286 0.362 0.329 0.359 0.386 0.399 0.536 0.536 0.323 0.523 0.444 0.496 0.447 0.5 0.409 0.385 0.342 0.342 0.405 0.407 0.759 0.649 0.454 0.458 0.361 0.504 0.361 0.361 0.506 0.566 0.646 0.594 0.5 0.493 0.465 0.388 0.486 0.486 0.442 0.41 0.372 0.362 0.527 0.532 0.433 0.246 0.453 0.453 0.464 0.342 0.378 0.469 0.446
-9999 -9999 -9999 -9999 -9999 -9999 -9999 -9999 -9999 -9999 -9999 -9999 -9999 0.303 0.335 0.349 0.343 0.328 0.37 0.358 0.373 0.373 0.291 0.346 0.286 0.362 0.329 0.359 0.386 0.399 0.536 0.536 0.323 0.523 0.444 0.496 0.447 0.5 0.409 0.385 0.342 0.342 0.405 0.407 0.759 0.649 0.454 0.458 0.361 0.504 0.361 0.361 0.506 0.566 0.646 0.594 0.5 0.493 0.465 0.418 0.446 0.446 0.437 0.336 0.352 0.449 0.601 0.422 0.3 0.255 0.396 0.396 0.334 0.427 0.494 0.489 0.424
0.481 0.448 0.448 0.442 0.407 0.424 0.444 0.38 0.408 0.451 0.351 0.332 0.319 0.303 0.335 0.354 0.354 0.317 0.298 0.288 0.333 0.333 0.28 0.292 0.291 0.335 0.296 0.312 0.283 0.309 0.317 0.317 0.421 0.414 0.388 0.414 0.533 0.352 0.338 0.348 0.318 0.318 0.313 0.355 0.509 0.471 0.397 0.413 0.422 0.337 0.402 0.402 0.384 0.461 0.541 0.543 0.699 0.554 0.563 0.418 0.446 0.446 0.437 0.336 0.352 0.449 0.601 0.422 0.3 0.255 0.396 0.396 0.334 0.427 0.494 0.489 0.424
0.571 0.473 0.392 0.437 0.424 0.42 0.423 0.363 0.426 0.433 0.382 0.347 0.354 0.337 0.284 0.295 0.333 0.329 0.298 0.298 0.301 0.301 0.266 0.282 0.254 0.253 0.293 0.359 0.26 0.361 0.275 0.275 0.357 0.431 0.386 0.43 0.469 0.309 0.335 0.353 0.363 0.363 0.376 0.312 0.577 0.543 0.449 0.404 0.443 0.332 0.349 0.349 0.509 0.507 0.533 0.496 0.612 0.651 0.517 0.423 0.488 0.488 0.487 0.435 0.3 0.356 0.391 0.296 0.408 0.392 0.275 0.275 0.447 0.511 0.491 0.455 0.406
0.48 0.505 0.444 0.455 0.539 0.452 0.371 0.364 0.407 0.373 0.382 0.345 0.359 0.356 0.341 0.31 0.293 0.272 0.325 0.317 0.278 0.278 0.271 0.292 0.27 0.224 0.353 0.359 0.319 0.324 0.245 0.245 0.318 0.432 0.422 0.454 0.444 0.497 0.454 0.305 0.333 0.333 0.293 0.312 0.473 0.411 0.407 0.441 0.435 0.336 0.367 0.367 0.446 0.433 0.438 0.492 0.554 0.566 0.466 0.597 0.576 0.576 0.464 0.429 0.374 0.382 0.318 0.315 0.437 0.289 0.434 0.434 0.385 0.413 0.507 0.356 0.376
0.356 0.364 0.415 0.472 0.399 0.465 0.339 0.357 0.407 0.419 0.423 0.363 0.347 0.341 0.337 0.316 0.336 0.272 0.317 0.315 0.307 0.307 0.271 0.358 0.298 0.285 0.336 0.34 0.3 0.274 0.36 0.36 0.304 0.279 0.383 0.36 0.415 0.485 0.293 0.273 0.294 0.294 0.266 0.298 0.381 0.391 0.589 0.494 0.469 0.303 0.355 0.355 0.429 0.444 0.464 0.559 0.618 0.603 0.555 0.67 0.543 0.543 0.498 0.456 0.349 0.385 0.215 0.251 0.38 0.359 0.408 0.408 0.434 0.341 0.415 0.477 0.535
0.378 0.356 0.363 0.376 0.318 0.41 0.419 0.353 0.365 0.468 0.435 0.338 0.356 0.348 0.354 0.386 0.315 0.327 0.261 0.258 0.31 0.31 0.272 0.285 0.262 0.277 0.311 0.347 0.183 0.219 0.268 0.268 0.301 0.258 0.256 0.333 0.278 0.324 0.289 0.375 0.281 0.281 0.247 0.266 0.469 0.43 0.42 0.48 0.398 0.266 0.33 0.33 0.403 0.485 0.414 0.506 0.486 0.491 0.72 0.438 0.761 0.761 0.484 0.46 0.383 0.409 0.314 0.331 0.307 0.392 0.584 0.584 0.473 0.514 0.473 0.436 0.557
-9999 0.299 0.297 0.321 0.309 0.319 0.431 0.422 0.404 0.437 0.458 0.285 0.384 0.364 0.382 0.477 0.296 0.336 0.321 0.287 0.263 0.263 0.276 0.334 0.252 0.29 0.204 0.367 0.187 0.202 0.248 0.248 0.213 0.26 0.218 0.213 0.279 0.227 0.302 0.265 0.326 0.326 0.22 0.264 0.377 0.349 0.474 0.441 0.346 0.3 0.316 0.316 0.473 0.435 0.363 0.474 0.539 0.462 0.428 0.691 0.524 0.524 0.594 0.583 0.458 0.517 0.31 0.261 0.286 0.49 0.517 0.517 0.477 0.571 0.611 0.594 0.449
-9999 0.257 0.247 0.258 0.309 0.319 0.431 0.422 0.404 0.437 0.458 0.285 0.384 0.364 0.382 0.477 0.296 0.336 0.321 0.287 0.263 0.263 0.276 0.334 0.252 0.29 0.204 0.367 0.187 0.202 0.248 0.248 0.213 0.26 0.218 0.213 0.279 0.227 0.302 0.265 0.326 0.326 0.22 0.264 0.377 0.349 0.474 0.441 0.346 0.3 0.316 0.316 0.473 0.435 0.363 0.474 0.539 0.462 0.428 0.691 0.524 0.524 0.594 0.583 0.458 0.517 0.31 0.261 0.286 0.49 0.538 0.538 0.398 0.42 0.429 0.496 0.547
-9999 -9999 -9999 -9999 0.312 -9999 0.311 0.388 0.374 0.426 0.417 0.392 0.374 0.339 0.356 0.373 0.306 0.326 0.339 0.309 0.311 0.311 0.23 0.252 0.25 0.253 0.259 0.353 0.213 0.288 0.305 0.305 0.173 0.35 0.239 0.2 0.175 0.27 0.342 0.18 0.241 0.241 0.244 0.239 0.321 0.334 0.75 0.521 0.31 0.303 0.334 0.334 0.348 0.339 0.272 0.402 0.42 0.539 0.655 0.561 0.574 0.574 0.642 0.59 0.646 0.499 0.267 0.537 0.355 0.4 0.538 0.538 0.398 0.42 0.429 0.496 0.547
-9999 -9999 -9999 -9999 -9999 -9999 -9999 -9999 0.308 0.309 0.345 0.331 0.321 0.332 0.355 0.335 0.33 0.322 0.305 0.346 0.264 0.264 0.25 0.246 0.185 0.266 0.218 0.234 0.207 0.209 0.197 0.197 0.336 0.184 0.191 0.195 0.172 0.144 0.168 0.165 0.176 0.176 0.229 0.266 0.446 0.639 0.555 0.383 0.337 0.299 0.358 0.358 0.371 0.359 0.366 0.392 0.404 0.57 0.588 0.557 0.61 0.61 0.6 0.567 0.573 0.394 0.628 0.536 0.696 0.535 0.699 0.699 0.657 0.641 0.642 0.583 0.604
-9999 -9999 -9999 -9999 -9999 -9999 0.296 0.291 0.351 0.323 0.414 0.383 0.278 0.34 0.33 0.311 0.33 0.323 0.261 0.302 0.253 0.253 0.251 0.231 0.177 0.215 0.229 0.231 0.204 0.172 0.203 0.203 0.297 0.192 0.194 0.171 0.19 0.196 0.175 0.177 0.18 0.18 0.199 0.254 0.346 0.564 0.453 0.294 0.272 0.406 0.353 0.353 0.37 0.37 0.363 0.324 0.341 0.527 0.66 0.5 0.605 0.605 0.536 0.696 0.484 0.338 0.556 0.575 0.807 0.638 0.772 0.772 0.771 0.684 0.701 0.652 0.664
-9999 -9999 -9999 -9999 -9999 -9999 0.315 0.303 0.337 0.358 0.402 0.449 0.34 0.376 0.328 0.275 0.279 0.267 0.253 0.224 0.235 0.235 0.242 0.254 0.199 0.179 0.17 0.205 0.184 0.177 0.2 0.2 0.23 0.222 0.178 0.267 0.187 0.172 0.223 0.171 0.183 0.183 0.179 0.196 0.273 0.491 0.341 0.333 0.375 0.362 0.358 0.344 0.333 0.321 0.308 0.284 0.292 0.352 0.712 0.572 0.556 0.556 0.672 0.668 0.428 0.339 0.453 0.685 0.68 0.826 0.73 0.73 0.625 0.704 0.712 0.693 0.646
-9999 -9999 -9999 0.053 0.053 0.289 0.298 0.384 0.363 0.366 0.563 0.421 0.36 0.303 0.274 0.264 0.267 0.247 0.244 0.24 0.22 0.22 0.231 0.231 0.184 0.161 0.171 0.176 0.145 0.185 0.164 0.164 0.175 0.208 0.163 0.239 0.225 0.157 0.165 0.106 0.145 0.145 0.161 0.181 0.195 0.252 0.249 0.257 0.317 0.26 0.294 0.307 0.305 0.273 0.304 0.303 0.255 0.302 0.426 0.628 0.455 0.642 0.642 0.422 0.393 0.385 0.375 0.693 0.619 0.662 0.724 0.724 0.689 0.731 0.763 0.685 0.74
-9999 -9999 -9999 -9999 0.053 0.28 -9999 0.322 0.532 0.55 0.461 0.482 0.352 0.266 0.244 0.244 0.25 0.239 0.233 0.217 0.214 0.214 0.212 0.262 0.19 0.173 0.158 0.15 0.156 0.175 0.142 0.142 0.17 0.142 0.136 0.139 0.198 0.131 0.092 0.126 0.106 0.106 0.125 0.152 0.199 0.206 0.204 0.233 0.262 0.257 0.339 0.302 0.274 0.327 0.272 0.258 0.293 0.68 0.488 0.596 0.514 0.483 0.483 0.628 0.379 0.297 0.349 0.386 0.627 0.587 0.751 0.643 0.643 0.77 0.709 0.699 0.708
-9999 -9999 -9999 -9999 0.053 0.28 -9999 0.322 0.532 0.55 0.461 0.482 0.352 0.266 0.244 0.244 0.25 0.239 0.233 0.217 0.214 0.214 0.212 0.262 0.19 0.173 0.158 0.15 0.156 0.175 0.142 0.142 0.17 0.142 0.136 0.139 0.198 0.131 0.092 0.126 0.106 0.106 0.125 0.152 0.199 0.206 0.204 0.233 0.262 0.257 0.339 0.302 0.302 0.327 0.272 0.258 0.293 0.68 0.488 0.596 0.514 0.483 0.483 0.628 0.379 0.297 0.349 0.386 0.627 0.587 0.751 0.643 0.643 0.77 0.709 0.699 0.708
-9999 -9999 -9999 -9999 -9999 -9999 -9999 0.304 0.746 0.681 0.368 0.395 0.281 0.258 0.243 0.252 0.241 0.257 0.22 0.218 0.216 0.216 0.183 0.183 0.165 0.145 0.158 0.133 0.14 0.157 0.143 0.143 0.153 0.143 0.135 0.139 0.141 0.112 0.101 0.136 0.128 0.128 0.127 0.152 0.217 0.169 0.207 0.215 0.264 0.296 0.317 0.277 0.277 0.243 0.285 0.6 0.302 0.775 0.576 0.58 0.351 0.295 0.295 0.507 0.359 0.329 0.423 0.703 0.403 0.427 0.778 0.664 0.664 0.545 0.652 0.73 0.596
-9999 -9999 -9999 -9999 -9999 -9999 -9999 0.331 0.477 0.52 0.397 0.322 0.272 0.247 0.245 0.257 0.267 0.273 0.214 0.2 0.209 0.209 0.266 0.194 0.145 0.142 0.132 0.117 0.124 0.106 0.123 0.123 0.121 0.099 0.125 0.112 0.124 0.099 0.099 0.127 0.143 0.143 0.124 0.159 0.214 0.189 0.189 0.215 0.217 0.294 0.276 0.303 0.303 0.287 0.355 0.512 0.352 0.758 0.578 0.617 0.586 0.287 0.287 0.405 0.353 0.421 0.664 0.615 0.428 0.412 0.651 0.481 0.481 0.603 0.587 0.521 0.676
-9999 -9999 -9999 -9999 -9999 -9999 -9999 0.23 0.418 0.544 0.337 0.263 0.25 0.218 0.239 0.253 0.263 0.228 0.266 0.238 0.252 0.252 0.2 0.22 0.147 0.113 0.097 0.104 0.111 0.129 0.108 0.108 0.121 0.131 0.102 0.111 0.096 0.137 0.122 0.127 0.135 0.135 0.153 0.144 0.156 0.183 0.155 0.145 0.228 0.251 0.265 0.303 0.303 0.322 0.643 0.592 0.558 0.54 0.574 0.589 0.445 0.325 0.325 0.322 0.481 0.649 0.553 0.706 0.604 0.549 0.275 0.382 0.382 0.403 0.671 0.385 0.816
-9999 -9999 -9999 -9999 -9999 -9999 -9999 0.188 0.292 0.344 0.283 0.279 0.247 0.238 0.233 0.258 0.253 0.222 0.378 0.248 0.248 0.252 0.235 0.212 0.121 0.109 0.099 0.103 0.127 0.113 0.229 0.229 0.119 0.148 0.146 0.137 0.128 0.167 0.121 0.155 0.152 0.152 0.144 0.136 0.138 0.154 0.152 0.166 0.188 0.218 0.263 0.419 0.419 0.37 0.529 0.482 0.483 0.395 0.437 0.568 0.601 0.257 0.257 0.334 0.429 0.604 0.472 0.733 0.697 0.699 0.337 0.417 0.417 0.447 0.449 0.741 0.639
-9999 -9999 -9999 -9999 -9999 -9999 0.052 0.186 0.223 0.189 0.309 0.406 0.476 0.275 0.213 0.233 0.303 0.375 0.288 0.254 0.254 0.248 0.419 0.185 0.164 0.147 0.121 0.125 0.161 0.193 0.244 0.244 0.128 0.183 0.146 0.134 0.138 0.131 0.13 0.135 0.133 0.133 0.148 0.186 0.162 0.121 0.14 0.13 0.168 0.203 0.26 0.439 0.439 0.445 0.376 0.419 0.42 0.362 0.482 0.392 0.453 0.476 0.476 0.197 0.49 0.357 0.677 0.563 0.787 0.807 0.457 0.612 0.612 0.707 0.448 0.786 0.638
-9999 -9999 -9999 0.053 0.053 0.217 0.187 0.144 0.157 0.174 0.282 0.519 0.61 0.441 0.204 0.536 0.517 0.436 0.304 0.321 0.321 0.299 0.297 0.178 0.209 0.197 0.197 0.225 0.315 0.277 0.141 0.141 0.224 0.135 0.143 0.119 0.161 0.227 0.134 0.141 0.165 0.165 0.265 0.232 0.174 0.137 0.141 0.163 0.161 0.163 0.25 0.322 0.322 0.309 0.31 0.292 0.293 0.426 0.324 0.417 0.264 0.248 0.248 0.196 0.316 0.282 0.531 0.783 0.766 0.573 0.645 0.591 0.591 0.601 0.721 0.687 0.688
-9999 -9999 -9999 0.053 0.053 0.217 0.187 0.144 0.157 0.174 0.282 0.519 0.61 0.441 0.204 0.536 0.517 0.436 0.304 0.321 0.321 0.299 0.297 0.178 0.209 0.197 0.197 0.225 0.315 0.277 0.141 0.141 0.224 0.135 0.143 0.119 0.161 0.227 0.134 0.141 0.165 0.165 0.265 0.232 0.174 0.137 0.141 0.163 0.161 0.163 0.25 0.322 0.322 0.309 0.31 0.292 0.293 0.426 0.324 0.417 0.264 0.248 0.248 0.196 0.316 0.282 0.531 0.783 0.766 0.573 0.645 0.591 0.591 0.601 0.721 0.687 0.688
-9999 -9999 -9999 0.067 0.056 0.186 0.197 0.16 0.192 0.17 0.228 0.312 0.39 0.38 0.316 0.461 0.436 0.425 0.385 0.354 0.354 0.361 0.296 0.211 0.219 0.208 0.182 0.213 0.309 0.304 0.333 0.333 0.143 0.228 0.283 0.14 0.201 0.212 0.158 0.171 0.185 0.185 0.206 0.244 0.17 0.192 0.195 0.149 0.179 0.15 0.236 0.222 0.222 0.335 0.285 0.296 0.314 0.319 0.243 0.508 0.404 0.386 0.386 0.262 0.499 0.389 0.531 0.57 0.727 0.809 0.557 0.552 0.552 0.843 0.754 0.648 0.697
-9999 -9999 -9999 0.077 0.053 0.052 0.122 0.104 0.158 0.183 0.168 0.253 0.275 0.256 0.347 0.464 0.474 0.386 0.355 0.312 0.312 0.334 0.237 0.237 0.235 0.253 0.145 0.209 0.253 0.281 0.281 0.243 0.245 0.295 0.24 0.206 0.157 0.165 0.176 0.185 0.158 0.158 0.186 0.225 0.277 0.208 0.162 0.199 0.191 0.234 0.232 0.28 0.28 0.305 0.305 0.301 0.321 0.308 0.301 0.421 0.265 0.417 0.417 0.26 0.337 0.35 0.432 0.738 0.746 0.744 0.682 0.75 0.75 0.767 0.71 0.781 0.616
