data/maps/landslide_re.txt
ncols         643
nrows         661
xllcorner     8515.9999992024
yllcorner     47670.999937602
cellsize      1000
NODATA_value  -9999
[rows 306 to 339 of 661, columns 154 to 230 of 643]
0.367 0.369 0.453 0.453 0.429 0.695 0.645 0.602 0.782 0.741 0.715 0.586 0.775 0.588 0.448 0.462 0.414 0.414 0.451 0.389 0.391 0.373 0.379 0.396 0.475 0.494 0.428 0.421 0.356 0.356 0.444 0.493 0.336 0.447 0.396 0.425 0.345 0.376 0.388 0.362 0.42 0.42 0.372 0.329 0.294 0.267 0.269 0.313 0.287 0.323 0.258 0.364 0.364 0.339 0.33 0.33 0.451 0.366 0.485 0.541 0.463 0.542 0.359 0.512 0.375 0.351 0.351 0.351 0.411 0.357 0.454 0.385 0.48 0.503 0.425 0.393 0.423
0.452 0.427 0.415 0.415 0.496 0.515 0.628 0.625 0.789 0.759 0.703 0.553 0.726 0.488 0.559 0.437 0.468 0.468 0.421 0.564 0.475 0.578 0.7 0.457 0.625 0.508 0.61 0.385 0.379 0.379 0.34 0.405 0.436 0.358 0.342 0.397 0.346 0.369 0.422 0.381 0.386 0.386 0.401 0.354 0.337 0.304 0.305 0.257 0.301 0.313 0.409 0.263 0.501 0.32 0.33 0.33 0.526 0.357 0.629 0.46 0.434 0.607 0.524 0.427 0.337 0.411 0.411 0.411 0.336 0.341 0.347 0.494 0.466 0.379 0.385 0.371 0.455
0.561 0.567 0.458 0.458 0.499 0.58 0.646 0.752 0.721 0.764 0.677 0.58 0.541 0.464 0.532 0.531 0.624 0.624 0.64 0.698 0.622 0.584 0.419 0.475 0.459 0.614 0.448 0.546 0.384 0.384 0.403 0.409 0.394 0.351 0.426 0.379 0.432 0.507 0.423 0.387 0.386 0.386 0.372 0.395 0.313 0.355 0.387 0.278 0.294 0.289 0.471 0.284 0.514 0.391 0.39 0.39 0.363 0.393 0.515 0.428 0.453 0.59 0.486 0.405 0.335 0.408 0.488 0.488 0.395 0.404 0.356 0.372 0.419 0.41 0.311 0.375 0.303
0.479 0.579 0.571 0.571 0.633 0.714 0.641 0.781 0.739 0.753 0.771 0.633 0.541 0.464 0.532 0.531 0.624 0.624 0.64 0.698 0.622 0.584 0.419 0.475 0.459 0.614 0.448 0.546 0.384 0.384 0.403 0.409 0.394 0.351 0.426 0.379 0.432 0.507 0.423 0.387 0.386 0.386 0.372 0.395 0.313 0.355 0.387 0.278 0.294 0.289 0.471 0.284 0.514 0.391 0.39 0.39 0.363 0.393 0.515 0.428 0.453 0.59 0.347 0.332 0.322 0.359 0.421 0.421 0.37 0.337 0.321 0.418 0.509 0.293 0.285 0.341 0.259
0.479 0.579 0.571 0.571 0.633 0.714 0.641 0.781 0.739 0.753 0.771 0.633 0.634 0.634 0.513 0.671 0.733 0.733 0.633 0.63 0.479 0.574 0.415 0.43 0.39 0.64 0.424 0.618 0.441 0.441 0.36 0.382 0.396 0.417 0.522 0.444 0.402 0.44 0.399 0.399 0.396 0.396 0.401 0.437 0.394 0.299 0.427 0.315 0.287 0.304 0.361 0.375 0.447 0.422 0.39 0.39 0.37 0.63 0.495 0.484 0.416 0.358 0.347 0.332 0.322 0.359 0.421 0.421 0.37 0.337 0.321 0.418 0.509 0.293 0.285 0.341 0.259
0.495 0.543 0.703 0.703 0.634 0.748 0.73 0.777 0.729 0.735 0.772 0.754 0.719 0.809 0.722 0.791 0.528 0.528 0.682 0.684 0.675 0.601 0.718 0.66 0.383 0.447 0.433 0.445 0.545 0.545 0.39 0.39 0.431 0.49 0.479 0.529 0.391 0.422 0.408 0.424 0.404 0.404 0.431 0.416 0.332 0.315 0.35 0.276 0.322 0.349 0.397 0.353 0.392 0.389 0.345 0.345 0.423 0.582 0.442 0.406 0.45 0.311 0.432 0.408 0.413 0.405 0.375 0.375 0.448 0.464 0.329 0.336 0.284 0.3 0.305 0.423 0.504
0.562 0.655 0.685 0.685 0.662 0.843 0.786 0.706 0.699 0.834 0.796 0.811 0.738 0.709 0.597 0.609 0.525 0.525 0.684 0.799 0.673 0.676 0.679 0.527 0.651 0.593 0.574 0.495 0.495 0.495 0.48 0.504 0.448 0.433 0.429 0.439 0.418 0.461 0.454 0.443 0.441 0.441 0.428 0.366 0.345 0.348 0.354 0.378 0.455 0.411 0.446 0.427 0.386 0.476 0.39 0.39 0.452 0.616 0.497 0.357 0.346 0.33 0.403 0.365 0.357 0.37 0.466 0.429 0.37 0.453 0.277 0.259 0.278 0.347 0.253 0.327 0.324
0.653 0.827 0.577 0.577 0.833 0.723 0.736 0.79 0.737 0.666 0.831 0.816 0.736 0.592 0.584 0.557 0.571 0.571 0.672 0.512 0.551 0.592 0.609 0.54 0.461 0.455 0.451 0.401 0.447 0.447 0.471 0.432 0.425 0.447 0.439 0.433 0.429 0.461 0.478 0.443 0.441 0.441 0.428 0.375 0.34 0.332 0.317 0.378 0.434 0.479 0.426 0.446 0.413 0.446 0.66 0.66 0.422 0.447 0.473 0.412 0.424 0.349 0.372 0.4 0.536 0.313 0.351 0.351 0.392 0.373 0.321 0.347 0.389 0.319 0.293 0.25 0.226
0.591 0.77 0.63 0.63 0.724 0.676 0.855 0.671 0.682 0.69 0.795 0.815 0.774 0.546 0.521 0.548 0.509 0.509 0.558 0.639 0.558 0.681 0.685 0.506 0.441 0.473 0.451 0.436 0.431 0.431 0.458 0.439 0.453 0.524 0.458 0.441 0.444 0.463 0.51 0.445 0.435 0.435 0.419 0.424 0.41 0.407 0.361 0.42 0.543 0.52 0.415 0.425 0.544 0.683 0.569 0.569 0.358 0.658 0.555 0.493 0.339 0.361 0.446 0.39 0.441 0.307 0.429 0.429 0.32 0.311 0.357 0.293 0.233 0.239 0.213 0.196 0.234
0.541 0.707 0.716 0.716 0.631 0.81 0.823 0.786 0.666 0.753 0.779 0.707 0.816 0.681 0.562 0.523 0.523 0.521 0.587 0.527 0.527 0.488 0.503 0.495 0.559 0.561 0.443 0.503 0.619 0.619 0.468 0.459 0.476 0.516 0.452 0.473 0.492 0.473 0.501 0.52 0.444 0.444 0.451 0.432 0.4 0.434 0.391 0.449 0.462 0.468 0.437 0.665 0.654 0.617 0.554 0.554 0.462 0.541 0.496 0.428 0.345 0.448 0.441 0.331 0.543 0.277 0.376 0.376 0.382 0.346 0.343 0.275 0.297 0.272 0.212 0.315 0.273
-9999 0.591 0.716 0.716 0.631 0.81 0.823 0.786 0.666 0.753 0.779 0.707 0.816 0.681 0.562 0.523 0.523 0.521 0.587 0.527 0.527 0.488 0.503 0.495 0.559 0.561 0.443 0.503 0.619 0.619 0.468 0.459 0.476 0.516 0.452 0.473 0.492 0.473 0.501 0.52 0.444 0.444 0.451 0.432 0.4 0.434 0.391 0.449 0.462 0.468 0.437 0.665 0.654 0.617 0.554 0.554 0.462 0.541 0.496 0.428 0.345 0.448 0.441 0.331 0.543 0.277 0.376 0.376 0.382 0.346 0.343 0.275 0.215 0.203 0.188 0.203 0.209
-9999 -9999 0.672 0.672 0.58 0.761 0.734 0.834 0.546 0.606 0.546 0.525 0.58 0.606 0.547 0.503 0.503 0.496 0.53 0.724 0.473 0.423 0.483 0.549 0.578 0.48 0.452 0.538 0.578 0.578 0.493 0.472 0.613 0.515 0.481 0.482 0.472 0.492 0.533 0.495 0.468 0.468 0.48 0.458 0.446 0.402 0.411 0.533 0.462 0.577 0.704 0.661 0.672 0.569 0.536 0.536 0.714 0.63 0.446 0.424 0.478 0.386 0.333 0.328 0.366 0.49 0.486 0.486 0.552 0.28 0.253 0.255 0.215 0.203 0.188 0.203 0.209
-9999 -9999 -9999 0.604 0.591 0.69 0.675 0.824 0.573 0.562 0.688 0.475 0.516 0.453 0.611 0.46 0.46 0.547 0.679 0.633 0.653 0.415 0.465 0.529 0.538 0.481 0.477 0.512 0.552 0.552 0.482 0.496 0.543 0.498 0.484 0.472 0.531 0.448 0.545 0.482 0.481 0.481 0.484 0.455 0.431 0.443 0.427 0.493 0.516 0.815 0.785 0.575 0.761 0.768 0.675 0.675 0.688 0.629 0.576 0.353 0.399 0.452 0.296 0.336 0.432 0.485 0.508 0.508 0.4 0.235 0.295 0.25 0.222 0.175 0.172 0.158 0.157
-9999 -9999 -9999 -9999 0.634 0.592 0.694 0.626 0.588 0.631 0.501 0.481 0.466 0.457 0.479 0.489 0.489 0.644 0.543 0.522 0.554 0.424 0.478 0.572 0.46 0.482 0.516 0.613 0.531 0.531 0.5 0.509 0.508 0.495 0.469 0.491 0.521 0.496 0.554 0.516 0.462 0.462 0.46 0.463 0.405 0.436 0.423 0.5 0.75 0.637 0.66 0.726 0.771 0.623 0.815 0.815 0.507 0.587 0.419 0.41 0.368 0.369 0.371 0.324 0.244 0.376 0.33 0.36 0.36 0.241 0.273 0.185 0.313 0.185 0.152 0.157 0.166
-9999 -9999 -9999 -9999 -9999 -9999 0.59 0.537 0.572 0.615 0.487 0.527 0.456 0.434 0.641 0.616 0.616 0.651 0.739 0.496 0.471 0.442 0.409 0.438 0.432 0.387 0.42 0.58 0.667 0.667 0.495 0.462 0.434 0.471 0.445 0.389 0.473 0.451 0.473 0.491 0.448 0.448 0.431 0.463 0.439 0.402 0.478 0.621 0.678 0.59 0.678 0.715 0.62 0.549 0.715 0.715 0.607 0.633 0.548 0.324 0.326 0.39 0.389 0.251 0.233 0.288 0.313 0.308 0.308 0.232 0.21 0.171 0.171 0.159 0.163 0.136 0.148
-9999 -9999 -9999 -9999 -9999 -9999 0.054 0.474 0.507 0.448 0.453 0.46 0.426 0.43 0.516 0.506 0.506 0.488 0.517 0.605 0.429 0.534 0.374 0.41 0.396 0.42 0.541 0.559 0.482 0.482 0.473 0.41 0.39 0.397 0.335 0.397 0.448 0.403 0.426 0.45 0.454 0.454 0.473 0.453 0.511 0.458 0.426 0.685 0.708 0.628 0.665 0.633 0.646 0.653 0.737 0.737 0.614 0.525 0.424 0.371 0.314 0.318 0.444 0.284 0.365 0.238 0.211 0.206 0.206 0.207 0.172 0.177 0.146 0.141 0.132 0.143 0.12
-9999 -9999 -9999 -9999 -9999 -9999 0.484 0.556 0.611 0.452 0.423 0.395 0.391 0.424 0.419 0.573 0.573 0.477 0.483 0.417 0.463 0.435 0.361 0.343 0.37 0.411 0.44 0.537 0.449 0.449 0.397 0.427 0.366 0.326 0.35 0.39 0.354 0.36 0.439 0.438 0.441 0.441 0.419 0.431 0.468 0.526 0.528 0.671 0.548 0.599 0.592 0.744 0.518 0.687 0.736 0.736 0.576 0.539 0.378 0.464 0.455 0.27 0.291 0.33 0.435 0.316 0.281 0.27 0.27 0.149 0.165 0.152 0.146 0.147 0.133 0.137 0.113
-9999 -9999 -9999 -9999 -9999 -9999 0.484 0.556 0.611 0.452 0.423 0.395 0.391 0.424 0.419 0.573 0.573 0.477 0.483 0.417 0.463 0.435 0.361 0.343 0.37 0.411 0.44 0.537 0.449 0.449 0.397 0.427 0.366 0.326 0.35 0.39 0.354 0.36 0.439 0.438 0.441 0.441 0.419 0.431 0.468 0.526 0.528 0.671 0.548 0.599 0.592 0.744 0.518 0.687 0.736 0.736 0.576 0.539 0.378 0.464 0.455 0.27 0.291 0.33 0.435 0.316 0.281 0.27 0.27 0.149 0.165 0.152 0.146 0.147 0.133 0.137 0.113
-9999 -9999 -9999 -9999 -9999 -9999 0.453 0.502 0.458 0.451 0.397 0.372 0.376 0.399 0.383 0.422 0.422 0.461 0.481 0.374 0.385 0.365 0.324 0.293 0.369 0.324 0.548 0.362 0.401 0.401 0.371 0.344 0.309 0.324 0.357 0.352 0.335 0.35 0.397 0.656 0.357 0.357 0.421 0.42 0.426 0.572 0.614 0.577 0.626 0.602 0.576 0.525 0.614 0.491 0.617 0.617 0.648 0.489 0.393 0.325 0.328 0.266 0.34 0.335 0.212 0.184 0.159 0.14 0.14 0.133 0.133 0.152 0.121 0.114 0.127 0.158 0.111
-9999 -9999 -9999 -9999 -9999 -9999 -9999 0.053 0.337 0.378 0.377 0.408 0.409 0.319 0.344 0.346 0.346 0.372 0.376 0.349 0.326 0.322 0.299 0.329 0.501 0.409 0.443 0.366 0.365 0.365 0.343 0.348 0.267 0.271 0.324 0.316 0.311 0.345 0.351 0.446 0.464 0.464 0.432 0.605 0.357 0.49 0.559 0.72 0.539 0.524 0.602 0.548 0.542 0.653 0.518 0.518 0.391 0.405 0.38 0.353 0.276 0.291 0.218 0.205 0.21 0.206 0.16 0.161 0.161 0.11 0.104 0.164 0.132 0.119 0.135 0.108 0.103
-9999 -9999 -9999 -9999 -9999 -9999 -9999 -9999 0.323 0.305 0.363 0.356 0.349 0.315 0.323 0.326 0.326 0.352 0.364 0.301 0.306 0.33 0.534 0.364 0.574 0.433 0.386 0.345 0.358 0.358 0.31 0.272 0.25 0.234 0.248 0.282 0.252 0.348 0.416 0.614 0.474 0.474 0.514 0.517 0.29 0.472 0.588 0.544 0.524 0.575 0.749 0.59 0.635 0.451 0.509 0.509 0.393 0.399 0.366 0.294 0.262 0.348 0.21 0.175 0.256 0.201 0.153 0.161 0.161 0.136 0.09 0.115 0.156 0.175 0.122 0.09 0.085
-9999 -9999 -9999 -9999 -9999 -9999 -9999 -9999 0.286 0.28 0.287 0.299 0.331 0.353 0.323 0.309 0.309 0.321 0.319 0.301 0.331 0.335 0.522 0.284 0.482 0.333 0.362 0.34 0.325 0.325 0.314 0.273 0.238 0.255 0.288 0.263 0.271 0.327 0.352 0.527 0.58 0.58 0.544 0.53 0.444 0.655 0.601 0.456 0.586 0.628 0.531 0.515 0.625 0.426 0.483 0.483 0.49 0.43 0.314 0.332 0.372 0.237 0.24 0.239 0.171 0.187 0.166 0.185 0.185 0.192 0.102 0.1 0.178 0.166 0.119 0.102 0.091
-9999 -9999 -9999 -9999 -9999 -9999 -9999 -9999 0.286 0.274 0.339 0.308 0.356 0.372 0.317 0.494 0.494 0.669 0.349 0.344 0.434 0.398 0.494 0.38 0.348 0.304 0.299 0.298 0.27 0.27 0.225 0.206 0.175 0.209 0.243 0.242 0.221 0.246 0.292 0.349 0.431 0.431 0.71 0.504 0.709 0.474 0.603 0.634 0.581 0.66 0.595 0.408 0.311 0.325 0.414 0.414 0.323 0.444 0.452 0.269 0.274 0.159 0.185 0.18 0.167 0.164 0.156 0.16 0.16 0.11 0.128 0.099 0.172 0.145 0.135 0.075 0.094
-9999 -9999 -9999 -9999 -9999 -9999 -9999 -9999 -9999 -9999 -9999 -9999 -9999 0.272 -9999 -9999 0.386 0.422 0.375 0.444 0.382 0.353 0.431 0.351 0.315 0.344 0.322 0.307 0.242 0.242 0.21 0.192 0.192 0.238 0.27 0.272 0.246 0.264 0.302 0.445 0.363 0.562 0.562 0.407 0.594 0.446 0.522 0.619 0.617 0.555 0.572 0.331 0.353 0.369 0.441 0.441 0.328 0.312 0.246 0.224 0.214 0.22 0.202 0.156 0.153 0.144 0.169 0.124 0.124 0.144 0.167 0.116 0.131 0.177 0.086 0.111 0.124
-9999 -9999 -9999 -9999 -9999 -9999 -9999 -9999 -9999 -9999 -9999 -9999 -9999 -9999 -9999 -9999 0.386 0.422 0.375 0.444 0.382 0.353 0.431 0.351 0.315 0.344 0.322 0.307 0.242 0.242 0.21 0.192 0.192 0.238 0.27 0.272 0.246 0.264 0.302 0.445 0.363 0.562 0.562 0.407 0.594 0.446 0.522 0.619 0.617 0.555 0.572 0.331 0.353 0.369 0.441 0.441 0.328 0.312 0.246 0.224 0.214 0.22 0.202 0.156 0.153 0.144 0.169 0.124 0.124 0.144 0.167 0.116 0.131 0.177 0.086 0.111 0.124
-9999 -9999 -9999 -9999 -9999 -9999 -9999 -9999 -9999 -9999 -9999 -9999 -9999 -9999 -9999 -9999 0.361 0.35 0.354 0.412 0.335 0.459 0.396 0.307 0.288 0.316 0.276 0.266 0.264 0.264 0.237 0.214 0.257 0.244 0.253 0.283 0.259 0.283 0.289 0.362 0.38 0.375 0.375 0.371 0.489 0.471 0.452 0.44 0.586 0.408 0.422 0.363 0.313 0.309 0.275 0.275 0.248 0.202 0.242 0.275 0.247 0.188 0.181 0.167 0.185 0.188 0.129 0.128 0.128 0.15 0.133 0.135 0.161 0.128 0.121 0.167 0.126
-9999 -9999 -9999 -9999 -9999 -9999 -9999 -9999 -9999 -9999 -9999 -9999 -9999 -9999 -9999 -9999 0.328 0.383 0.294 0.337 0.298 0.363 0.31 0.382 0.246 0.327 0.279 0.246 0.225 0.225 0.23 0.177 0.213 0.21 0.234 0.256 0.222 0.278 0.305 0.344 0.331 0.384 0.384 0.304 0.358 0.32 0.328 0.34 0.401 0.361 0.291 0.439 0.327 0.322 0.331 0.331 0.231 0.215 0.361 0.24 0.236 0.247 0.204 0.238 0.267 0.116 0.113 0.145 0.145 0.115 0.179 0.195 0.224 0.11 0.105 0.153 0.122
-9999 -9999 -9999 -9999 -9999 -9999 -9999 -9999 -9999 -9999 -9999 -9999 -9999 -9999 -9999 0.317 0.317 0.266 0.267 0.413 0.316 0.287 0.337 0.382 0.278 0.299 0.244 0.218 0.217 0.217 0.198 0.254 0.269 0.205 0.219 0.265 0.241 0.263 0.34 0.3 0.282 0.29 0.29 0.305 0.311 0.322 0.315 0.336 0.372 0.353 0.394 0.28 0.364 0.208 0.216 0.216 0.234 0.238 0.354 0.238 0.206 0.275 0.143 0.154 0.117 0.115 0.126 0.108 0.108 0.124 0.159 0.238 0.089 0.085 0.106 0.104 0.128
-9999 -9999 -9999 -9999 -9999 -9999 -9999 -9999 0.274 0.209 0.234 0.24 0.244 0.294 0.27 0.267 0.267 0.24 0.255 0.303 0.31 0.235 0.307 0.308 0.259 0.27 0.246 0.23 0.189 0.189 0.232 0.236 0.226 0.267 0.188 0.231 0.213 0.289 0.332 0.251 0.24 0.275 0.275 0.271 0.263 0.282 0.218 0.261 0.245 0.266 0.322 0.238 0.183 0.174 0.252 0.252 0.173 0.399 0.215 0.173 0.182 0.185 0.13 0.122 0.139 0.105 0.115 0.09 0.09 0.102 0.127 0.164 0.097 0.106 0.175 0.146 0.111
0.109 0.129 0.129 0.14 0.167 0.159 0.148 0.191 0.308 0.194 0.29 0.234 0.223 0.26 0.231 0.23 0.23 0.23 0.287 0.309 0.261 0.209 0.26 0.231 0.227 0.196 0.235 0.224 0.225 0.225 0.215 0.249 0.259 0.269 0.225 0.254 0.229 0.223 0.245 0.185 0.213 0.212 0.212 0.197 0.193 0.197 0.23 0.188 0.177 0.134 0.15 0.129 0.116 0.144 0.155 0.155 0.248 0.161 0.147 0.128 0.17 0.161 0.152 0.094 0.116 0.096 0.082 0.094 0.094 0.111 0.239 0.199 0.127 0.186 0.198 0.116 0.117
-9999 -9999 0.109 0.136 0.132 0.158 0.138 0.179 0.22 0.192 0.245 0.255 0.217 0.223 0.209 0.255 0.255 0.244 0.248 0.211 0.168 0.153 0.177 0.167 0.168 0.168 0.188 0.177 0.16 0.225 0.215 0.249 0.259 0.269 0.225 0.254 0.229 0.223 0.245 0.185 0.213 0.212 0.212 0.197 0.193 0.197 0.123 0.129 0.125 0.116 0.11 0.106 0.124 0.217 0.24 0.24 0.235 0.217 0.144 0.19 0.216 0.181 0.166 0.179 0.127 0.102 0.109 0.116 0.116 0.18 0.226 0.147 0.112 0.202 0.183 0.311 0.136
-9999 -9999 -9999 0.136 0.132 0.158 0.138 0.179 0.22 0.192 0.245 0.255 0.217 0.223 0.209 0.255 0.255 0.244 0.248 0.211 0.168 0.153 0.177 0.167 0.168 0.168 0.188 0.177 0.16 0.16 0.216 0.205 0.204 0.237 0.289 0.228 0.214 0.217 0.18 0.173 0.195 0.196 0.196 0.217 0.161 0.213 0.123 0.129 0.125 0.116 0.11 0.106 0.124 0.217 0.24 0.24 0.235 0.217 0.144 0.19 0.216 0.181 0.166 0.179 0.127 0.102 0.109 0.116 0.116 0.18 0.226 0.147 0.112 0.202 0.183 0.311 0.136
-9999 -9999 -9999 -9999 0.084 0.129 0.098 0.151 0.132 0.18 0.217 0.18 0.244 0.288 0.33 0.196 0.196 0.229 0.152 0.163 0.179 0.172 0.17 0.171 0.172 0.173 0.18 0.179 0.19 0.19 0.19 0.195 0.194 0.222 0.244 0.19 0.19 0.226 0.193 0.164 0.178 0.182 0.182 0.196 0.195 0.169 0.126 0.11 0.144 0.134 0.121 0.13 0.166 0.232 0.299 0.299 0.316 0.224 0.226 0.271 0.334 0.172 0.146 0.244 0.319 0.136 0.205 0.249 0.249 0.155 0.265 0.107 0.145 0.173 0.127 0.189 0.189
-9999 -9999 -9999 -9999 0.091 0.095 0.099 0.183 0.11 0.185 0.2 0.161 0.228 0.214 0.297 0.227 0.227 0.169 0.185 0.187 0.163 0.199 0.051 0.053 0.18 0.17 0.158 0.198 0.167 0.167 0.196 0.197 0.212 0.227 0.209 0.192 0.193 0.165 0.168 0.174 0.18 0.179 0.179 0.196 0.131 0.122 0.103 0.151 0.127 0.126 0.115 0.126 0.179 0.25 0.215 0.195 0.195 0.183 0.254 0.402 0.262 0.317 0.245 0.181 0.195 0.167 0.221 0.116 0.116 0.098 0.197 0.139 0.149 0.389 0.202 0.343 0.218
