data/maps/landslide_re.txt
ncols         643
nrows         661
xllcorner     8515.9999992024
yllcorner     47670.999937602
cellsize      1000
NODATA_value  -9999
[rows 238 to 271 of 661, columns 308 to 384 of 643]
0.192 0.192 0.101 0.08 0.183 0.137 0.094 0.138 0.122 0.098 0.113 0.287 0.426 0.32 0.32 0.19 0.256 0.373 0.385 0.44 0.475 0.34 0.312 0.41 0.383 0.383 0.303 0.301 0.325 0.272 0.261 0.31 0.25 0.323 0.302 0.285 0.285 0.282 0.306 0.342 0.316 0.357 0.4 0.225 0.246 0.333 0.435 0.264 0.264 0.364 0.395 0.314 0.35 0.231 0.245 0.315 0.244 0.291 0.27 0.27 0.15 0.16 0.144 0.129 0.089 0.185 0.078 0.057 0.059 0.06 0.099 0.099 0.087 0.081 0.088 0.125 0.152
0.192 0.192 0.101 0.08 0.173 0.118 0.151 0.158 0.151 0.175 0.21 0.313 0.253 0.217 0.217 0.214 0.454 0.445 0.296 0.354 0.426 0.265 0.296 0.299 0.292 0.292 0.323 0.323 0.304 0.259 0.25 0.277 0.247 0.278 0.339 0.321 0.321 0.292 0.305 0.371 0.253 0.348 0.328 0.304 0.297 0.334 0.388 0.363 0.363 0.321 0.287 0.302 0.282 0.382 0.273 0.309 0.234 0.243 0.188 0.188 0.204 0.16 0.144 0.129 0.089 0.185 0.073 0.057 0.059 0.07 0.07 0.07 0.135 0.134 0.113 0.101 0.124
0.09 0.072 0.072 0.098 0.173 0.118 0.151 0.158 0.151 0.175 0.21 0.313 0.253 0.217 0.217 0.262 0.354 0.39 0.311 0.305 0.362 0.293 0.281 0.301 0.316 0.316 0.239 0.216 0.25 0.274 0.269 0.219 0.217 0.277 0.286 0.275 0.275 0.236 0.256 0.294 0.329 0.238 0.26 0.291 0.375 0.337 0.334 0.318 0.311 0.311 0.349 0.281 0.323 0.214 0.248 0.304 0.216 0.255 0.305 0.156 0.156 0.147 0.179 0.119 0.132 0.082 0.088 0.062 0.061 0.07 0.07 0.07 0.135 0.134 0.113 0.101 0.124
0.103 0.078 0.078 0.097 0.164 0.252 0.282 0.2 0.236 0.195 0.219 0.234 0.264 0.219 0.219 0.262 0.354 0.39 0.311 0.305 0.362 0.293 0.281 0.301 0.316 0.316 0.286 0.224 0.261 0.288 0.249 0.275 0.259 0.223 0.301 0.292 0.274 0.274 0.226 0.185 0.259 0.255 0.264 0.283 0.209 0.231 0.305 0.332 0.186 0.186 0.235 0.302 0.109 0.099 0.142 0.237 0.152 0.246 0.268 0.171 0.171 0.191 0.136 0.088 0.106 0.077 0.078 0.082 0.063 0.07 0.065 0.065 0.128 0.089 0.098 0.131 0.088
0.15 0.154 0.154 0.26 0.165 0.18 0.244 0.285 0.291 0.338 0.291 0.248 0.288 0.309 0.309 0.267 0.351 0.386 0.289 0.381 0.363 0.338 0.347 0.333 0.32 0.32 0.286 0.224 0.261 0.288 0.249 0.275 0.259 0.223 0.301 0.292 0.214 0.214 0.221 0.187 0.206 0.309 0.273 0.277 0.217 0.307 0.251 0.149 0.14 0.14 0.115 0.137 0.125 0.131 0.099 0.165 0.154 0.187 0.145 0.197 0.197 0.144 0.101 0.098 0.078 0.086 0.083 0.096 0.079 0.074 0.093 0.109 0.109 0.085 0.101 0.177 0.093
0.147 0.107 0.107 0.137 0.158 0.238 0.268 0.193 0.249 0.256 0.275 0.23 0.385 0.275 0.275 0.286 0.286 0.393 0.323 0.462 0.391 0.328 0.257 0.264 0.321 0.209 0.209 0.251 0.251 0.276 0.248 0.251 0.291 0.259 0.29 0.242 0.214 0.214 0.221 0.187 0.206 0.309 0.273 0.277 0.217 0.243 0.146 0.139 0.105 0.105 0.089 0.101 0.111 0.132 0.153 0.239 0.187 0.12 0.169 0.236 0.15 0.15 0.125 0.13 0.1 0.105 0.113 0.108 0.106 0.119 0.078 0.1 0.1 0.113 0.098 0.118 0.127
0.12 0.098 0.098 0.285 0.167 0.216 0.218 0.264 0.303 0.272 0.253 0.204 0.325 0.239 0.238 0.238 0.33 0.462 0.271 0.478 0.416 0.327 0.336 0.296 0.296 0.247 0.247 0.268 0.268 0.265 0.245 0.259 0.259 0.234 0.18 0.199 0.205 0.205 0.213 0.173 0.156 0.159 0.185 0.175 0.193 0.243 0.146 0.139 0.105 0.105 0.089 0.101 0.111 0.132 0.201 0.153 0.192 0.167 0.227 0.195 0.175 0.175 0.228 0.102 0.093 0.089 0.119 0.111 0.095 0.086 0.09 0.097 0.097 0.096 0.101 0.122 0.153
0.172 0.125 0.192 0.192 0.104 0.304 0.264 0.286 0.197 0.237 0.272 0.273 0.289 0.234 0.213 0.213 0.268 0.397 0.227 0.389 0.288 0.313 0.287 0.345 0.229 0.24 0.24 0.275 0.243 0.233 0.16 0.232 0.219 0.276 0.165 0.201 0.175 0.175 0.209 0.126 0.168 0.209 0.241 0.164 0.17 0.215 0.107 0.103 0.099 0.092 0.092 0.102 0.097 0.142 0.201 0.153 0.192 0.167 0.227 0.195 0.175 0.175 0.228 0.116 0.089 0.095 0.092 0.087 0.104 0.103 0.089 0.108 0.081 0.081 0.089 0.11 0.114
0.172 0.125 0.192 0.192 0.104 0.304 0.262 0.284 0.279 0.27 0.278 0.313 0.256 0.214 0.236 0.236 0.389 0.368 0.287 0.307 0.306 0.219 0.249 0.343 0.192 0.216 0.216 0.258 0.256 0.248 0.218 0.221 0.215 0.252 0.134 0.147 0.184 0.148 0.148 0.151 0.21 0.185 0.143 0.155 0.122 0.174 0.094 0.11 0.084 0.108 0.108 0.128 0.104 0.113 0.124 0.2 0.178 0.136 0.124 0.122 0.148 0.148 0.129 0.116 0.089 0.095 0.092 0.087 0.104 0.103 0.089 0.085 0.102 0.102 0.067 0.111 0.081
0.195 0.252 0.148 0.148 0.194 0.163 0.262 0.284 0.279 0.27 0.278 0.313 0.256 0.214 0.236 0.236 0.389 0.368 0.296 0.243 0.29 0.286 0.202 0.273 0.196 0.2 0.212 0.212 0.232 0.215 0.216 0.234 0.163 0.193 0.17 0.129 0.147 0.152 0.152 0.132 0.187 0.119 0.141 0.126 0.108 0.126 0.123 0.101 0.086 0.116 0.116 0.104 0.103 0.089 0.174 0.103 0.108 0.102 0.126 0.141 0.119 0.14 0.14 0.098 0.105 0.113 0.089 0.076 0.089 0.098 0.091 0.085 0.102 0.102 0.067 0.111 0.081
0.22 0.162 0.201 0.201 0.243 0.256 0.376 0.334 0.361 0.339 0.315 0.353 0.228 0.309 0.248 0.248 0.301 0.469 0.296 0.243 0.29 0.286 0.202 0.273 0.196 0.2 0.212 0.212 0.197 0.209 0.142 0.207 0.146 0.195 0.125 0.21 0.194 0.151 0.151 0.181 0.155 0.105 0.145 0.091 0.106 0.148 0.125 0.121 0.113 0.101 0.146 0.128 0.09 0.131 0.146 0.157 0.097 0.099 0.114 0.157 0.12 0.101 0.101 0.148 0.155 0.093 0.127 0.071 0.092 0.091 0.081 0.1 0.082 0.082 0.091 0.098 0.096
0.156 0.16 0.18 0.2 0.272 0.289 0.412 0.289 0.322 0.356 0.3 0.377 0.264 0.246 0.261 0.261 0.247 0.334 0.309 0.321 0.267 0.247 0.157 0.211 0.226 0.182 0.186 0.186 0.197 0.209 0.142 0.207 0.146 0.195 0.125 0.21 0.177 0.151 0.139 0.195 0.139 0.144 0.08 0.134 0.149 0.102 0.136 0.148 0.08 0.093 0.11 0.11 0.086 0.084 0.116 0.115 0.087 0.091 0.098 0.086 0.099 0.099 0.099 0.103 0.105 0.084 0.088 0.089 0.082 0.072 0.095 0.084 0.078 0.078 0.081 0.076 0.085
0.214 0.188 0.204 0.264 0.315 0.253 0.316 0.312 0.368 0.324 0.278 0.338 0.332 0.232 0.265 0.303 0.303 0.342 0.255 0.24 0.278 0.178 0.242 0.211 0.176 0.214 0.196 0.196 0.182 0.131 0.131 0.184 0.134 0.14 0.172 0.153 0.186 0.139 0.139 0.195 0.139 0.144 0.08 0.134 0.149 0.102 0.136 0.148 0.134 0.143 0.094 0.094 0.1 0.1 0.132 0.099 0.09 0.096 0.091 0.111 0.142 0.1 0.1 0.114 0.098 0.101 0.099 0.114 0.146 0.085 0.079 0.092 0.097 0.126 0.126 0.123 0.097
0.37 0.227 0.25 0.265 0.265 0.276 0.351 0.327 0.342 0.284 0.293 0.34 0.399 0.253 0.262 0.32 0.32 0.345 0.277 0.219 0.244 0.19 0.262 0.192 0.172 0.187 0.101 0.101 0.156 0.101 0.15 0.123 0.136 0.178 0.126 0.134 0.232 0.158 0.096 0.096 0.09 0.1 0.079 0.109 0.083 0.105 0.074 0.113 0.134 0.143 0.094 0.094 0.1 0.1 0.132 0.099 0.105 0.099 0.077 0.094 0.087 0.13 0.115 0.115 0.101 0.085 0.075 0.078 0.122 0.099 0.086 0.099 0.094 0.087 0.087 0.063 0.087
0.205 0.178 0.24 0.31 0.31 0.377 0.359 0.38 0.295 0.328 0.289 0.305 0.312 0.27 0.249 0.266 0.336 0.291 0.234 0.244 0.25 0.179 0.168 0.164 0.187 0.15 0.097 0.101 0.101 0.108 0.106 0.118 0.181 0.243 0.137 0.193 0.18 0.114 0.093 0.093 0.108 0.103 0.082 0.077 0.123 0.12 0.118 0.106 0.103 0.155 0.129 0.129 0.103 0.129 0.119 0.083 0.105 0.099 0.077 0.094 0.087 0.13 0.115 0.115 0.101 0.074 0.083 0.083 0.085 0.127 0.11 0.086 0.091 0.087 0.087 0.149 0.135
0.205 0.178 0.24 0.272 0.31 0.377 0.359 0.38 0.295 0.237 0.378 0.357 0.352 0.325 0.324 0.312 0.312 0.369 0.261 0.261 0.236 0.238 0.099 0.11 0.114 0.091 0.137 0.21 0.21 0.112 0.135 0.237 0.234 0.231 0.119 0.186 0.131 0.137 0.132 0.132 0.103 0.124 0.078 0.072 0.122 0.126 0.114 0.078 0.085 0.095 0.091 0.159 0.159 0.151 0.121 0.096 0.071 0.072 0.081 0.068 0.084 0.09 0.107 0.107 0.091 0.074 0.083 0.083 0.085 0.127 0.11 0.086 0.091 0.077 0.099 0.099 0.111
0.212 0.191 0.215 0.378 0.448 0.368 0.394 0.304 0.299 0.237 0.378 0.357 0.352 0.325 0.324 0.312 0.312 0.369 0.261 0.261 0.295 0.142 0.118 0.14 0.137 0.115 0.171 0.169 0.169 0.231 0.123 0.109 0.113 0.154 0.167 0.156 0.15 0.095 0.088 0.088 0.086 0.098 0.093 0.11 0.122 0.101 0.099 0.079 0.096 0.097 0.1 0.095 0.095 0.084 0.082 0.082 0.082 0.074 0.066 0.07 0.086 0.091 0.082 0.082 0.092 0.089 0.093 0.069 0.091 0.109 0.069 0.076 0.1 0.077 0.099 0.099 0.111
0.363 0.241 0.293 0.339 0.462 0.382 0.445 0.365 0.268 0.234 0.289 0.344 0.357 0.361 0.352 0.337 0.306 0.306 0.358 0.227 0.295 0.142 0.118 0.14 0.137 0.115 0.171 0.169 0.169 0.231 0.123 0.111 0.106 0.135 0.155 0.121 0.133 0.106 0.13 0.085 0.085 0.122 0.118 0.105 0.117 0.111 0.084 0.105 0.085 0.09 0.085 0.091 0.091 0.09 0.123 0.087 0.068 0.072 0.065 0.072 0.1 0.077 0.084 0.089 0.089 0.096 0.07 0.1 0.094 0.088 0.073 0.083 0.095 0.099 0.101 0.101 0.088
0.286 0.265 0.372 0.355 0.307 0.353 0.247 0.229 0.295 0.277 0.267 0.345 0.35 0.39 0.364 0.346 0.409 0.409 0.316 0.365 0.226 0.325 0.184 0.158 0.206 0.33 0.225 0.269 0.269 0.167 0.115 0.111 0.106 0.135 0.155 0.121 0.133 0.106 0.13 0.085 0.105 0.077 0.085 0.079 0.082 0.092 0.077 0.079 0.103 0.071 0.076 0.078 0.078 0.074 0.073 0.076 0.087 0.093 0.071 0.074 0.107 0.08 0.079 0.09 0.09 0.081 0.106 0.085 0.08 0.095 0.072 0.075 0.077 0.077 0.081 0.081 0.111
0.265 0.265 0.306 0.308 0.289 0.297 0.34 0.396 0.417 0.355 0.485 0.457 0.45 0.437 0.356 0.364 0.351 0.351 0.315 0.329 0.189 0.188 0.197 0.261 0.268 0.266 0.246 0.237 0.237 0.187 0.202 0.139 0.17 0.151 0.161 0.137 0.112 0.114 0.086 0.105 0.105 0.077 0.085 0.079 0.082 0.092 0.077 0.079 0.103 0.071 0.07 0.073 0.079 0.079 0.075 0.071 0.08 0.073 0.088 0.123 0.104 0.069 0.09 0.084 0.084 0.094 0.105 0.069 0.108 0.082 0.073 0.073 0.077 0.083 0.085 0.092 0.092
0.228 0.227 0.256 0.248 0.302 0.324 0.366 0.351 0.322 0.404 0.248 0.206 0.335 0.331 0.33 0.317 0.381 0.381 0.253 0.226 0.167 0.255 0.294 0.29 0.239 0.327 0.237 0.161 0.132 0.132 0.127 0.169 0.12 0.186 0.139 0.137 0.105 0.141 0.105 0.079 0.074 0.09 0.091 0.087 0.135 0.111 0.095 0.101 0.074 0.08 0.07 0.073 0.079 0.079 0.075 0.071 0.08 0.073 0.1 0.097 0.177 0.081 0.081 0.077 0.077 0.094 0.082 0.118 0.088 0.075 0.087 0.065 0.069 0.071 0.076 0.075 0.075
0.365 0.282 0.299 0.364 0.288 0.336 0.364 0.381 0.332 0.383 0.258 0.267 0.309 0.24 0.242 0.225 0.354 0.354 0.236 0.261 0.327 0.293 0.3 0.257 0.227 0.259 0.213 0.282 0.253 0.253 0.153 0.212 0.166 0.143 0.109 0.109 0.126 0.085 0.073 0.088 0.084 0.074 0.074 0.078 0.094 0.11 0.1 0.106 0.099 0.08 0.079 0.085 0.092 0.092 0.075 0.079 0.09 0.11 0.1 0.097 0.177 0.081 0.081 0.077 0.077 0.094 0.082 0.078 0.076 0.096 0.088 0.122 0.072 0.073 0.071 0.086 0.086
0.365 0.282 0.299 0.364 0.288 0.336 0.364 0.381 0.332 0.383 0.258 0.401 0.346 0.277 0.306 0.272 0.376 0.244 0.244 0.279 0.306 0.371 0.335 0.332 0.301 0.341 0.272 0.249 0.186 0.186 0.218 0.192 0.209 0.139 0.127 0.108 0.118 0.103 0.089 0.106 0.086 0.086 0.098 0.092 0.083 0.097 0.106 0.087 0.093 0.097 0.104 0.104 0.09 0.09 0.084 0.081 0.105 0.108 0.079 0.083 0.083 0.077 0.077 0.083 0.093 0.093 0.071 0.078 0.076 0.096 0.088 0.122 0.072 0.073 0.078 0.068 0.061
0.306 0.344 0.334 0.324 0.369 0.391 0.411 0.37 0.304 0.315 0.372 0.401 0.346 0.277 0.306 0.272 0.376 0.244 0.244 0.279 0.306 0.371 0.335 0.283 0.293 0.237 0.23 0.183 0.196 0.196 0.169 0.191 0.169 0.147 0.148 0.132 0.106 0.09 0.092 0.113 0.085 0.097 0.08 0.084 0.083 0.087 0.08 0.077 0.102 0.107 0.09 0.081 0.073 0.075 0.075 0.089 0.084 0.095 0.077 0.082 0.097 0.078 0.073 0.08 0.129 0.129 0.092 0.091 0.097 0.078 0.092 0.084 0.078 0.072 0.078 0.064 0.061
0.264 0.345 0.371 0.364 0.379 0.279 0.447 0.336 0.335 0.272 0.304 0.405 0.299 0.395 0.261 0.273 0.255 0.249 0.249 0.238 0.311 0.304 0.276 0.283 0.293 0.237 0.23 0.183 0.196 0.196 0.169 0.191 0.169 0.128 0.118 0.135 0.112 0.12 0.127 0.101 0.099 0.088 0.082 0.079 0.103 0.11 0.101 0.111 0.123 0.107 0.103 0.095 0.082 0.088 0.088 0.076 0.088 0.119 0.084 0.092 0.069 0.076 0.093 0.097 0.098 0.098 0.111 0.091 0.136 0.11 0.091 0.074 0.076 0.075 0.086 0.071 0.068
0.211 0.351 0.303 0.329 0.261 0.242 0.315 0.295 0.305 0.367 0.299 0.283 0.247 0.414 0.258 0.307 0.32 0.396 0.396 0.281 0.274 0.251 0.306 0.324 0.266 0.361 0.274 0.235 0.15 0.203 0.203 0.154 0.114 0.128 0.118 0.135 0.112 0.12 0.127 0.101 0.099 0.088 0.093 0.093 0.105 0.14 0.105 0.13 0.113 0.121 0.124 0.084 0.087 0.081 0.081 0.072 0.087 0.108 0.088 0.082 0.096 0.095 0.074 0.078 0.08 0.078 0.078 0.083 0.086 0.101 0.069 0.069 0.088 0.069 0.085 0.077 0.09
0.305 0.24 0.349 0.24 0.318 0.313 0.312 0.287 0.28 0.321 0.275 0.284 0.296 0.317 0.29 0.326 0.315 0.258 0.258 0.32 0.297 0.286 0.246 0.27 0.191 0.25 0.304 0.217 0.152 0.14 0.14 0.148 0.103 0.149 0.127 0.133 0.131 0.115 0.115 0.133 0.103 0.101 0.093 0.093 0.105 0.14 0.105 0.13 0.113 0.121 0.124 0.084 0.081 0.075 0.075 0.08 0.119 0.081 0.072 0.082 0.088 0.107 0.098 0.083 0.093 0.072 0.072 0.103 0.111 0.094 0.08 0.087 0.078 0.087 0.091 0.08 0.078
0.26 0.237 0.265 0.35 0.272 0.323 0.325 0.318 0.264 0.294 0.298 0.318 0.294 0.371 0.301 0.319 0.325 0.331 0.306 0.306 0.295 0.224 0.192 0.2 0.281 0.245 0.262 0.252 0.19 0.153 0.153 0.163 0.14 0.16 0.151 0.13 0.125 0.164 0.125 0.115 0.149 0.113 0.106 0.141 0.191 0.111 0.123 0.134 0.128 0.14 0.116 0.091 0.081 0.075 0.075 0.08 0.119 0.081 0.072 0.067 0.086 0.083 0.095 0.104 0.087 0.07 0.07 0.09 0.106 0.088 0.093 0.071 0.075 0.074 0.086 0.084 0.087
0.26 0.237 0.42 0.313 0.288 0.284 0.281 0.379 0.352 0.307 0.321 0.291 0.276 0.273 0.332 0.281 0.296 0.239 0.258 0.258 0.222 0.205 0.196 0.232 0.276 0.207 0.258 0.225 0.215 0.29 0.29 0.156 0.147 0.147 0.186 0.124 0.106 0.109 0.102 0.118 0.119 0.1 0.128 0.11 0.119 0.115 0.105 0.105 0.091 0.112 0.119 0.08 0.087 0.104 0.124 0.124 0.118 0.086 0.071 0.098 0.086 0.083 0.095 0.104 0.087 0.07 0.07 0.09 0.097 0.094 0.101 0.084 0.089 0.084 0.093 0.094 0.104
0.266 0.263 0.42 0.313 0.288 0.284 0.281 0.379 0.352 0.307 0.321 0.291 0.276 0.273 0.252 0.246 0.256 0.244 0.265 0.265 0.281 0.23 0.197 0.293 0.209 0.237 0.274 0.232 0.165 0.207 0.148 0.148 0.151 0.133 0.194 0.103 0.106 0.146 0.115 0.098 0.113 0.132 0.094 0.114 0.111 0.103 0.117 0.149 0.185 0.118 0.116 0.086 0.087 0.095 0.091 0.091 0.07 0.083 0.074 0.089 0.092 0.095 0.106 0.079 0.074 0.081 0.073 0.073 0.097 0.094 0.101 0.084 0.089 0.084 0.093 0.094 0.083
0.285 0.253 0.345 0.257 0.256 0.296 0.252 0.252 0.344 0.338 0.293 0.302 0.241 0.236 0.252 0.246 0.256 0.244 0.265 0.265 0.281 0.23 0.197 0.293 0.209 0.278 0.224 0.204 0.22 0.2 0.168 0.168 0.134 0.105 0.139 0.185 0.126 0.144 0.15 0.145 0.118 0.19 0.099 0.129 0.122 0.146 0.128 0.134 0.14 0.114 0.083 0.079 0.081 0.102 0.073 0.073 0.073 0.073 0.082 0.079 0.085 0.084 0.113 0.101 0.083 0.111 0.096 0.096 0.123 0.104 0.087 0.073 0.089 0.097 0.085 0.092 0.083
0.267 0.249 0.258 0.245 0.275 0.261 0.234 0.256 0.241 0.295 0.21 0.241 0.237 0.229 0.247 0.211 0.216 0.26 0.217 0.217 0.31 0.215 0.205 0.25 0.235 0.243 0.224 0.204 0.22 0.2 0.168 0.168 0.134 0.105 0.139 0.126 0.13 0.131 0.099 0.106 0.107 0.13 0.09 0.109 0.11 0.115 0.134 0.134 0.147 0.152 0.12 0.103 0.087 0.091 0.067 0.064 0.064 0.077 0.108 0.093 0.096 0.089 0.08 0.079 0.135 0.103 0.103 0.103 0.092 0.085 0.094 0.089 0.077 0.086 0.083 0.08 0.09
0.226 0.278 0.201 0.27 0.221 0.232 0.266 0.243 0.252 0.233 0.253 0.198 0.233 0.231 0.25 0.317 0.25 0.244 0.256 0.256 0.217 0.237 0.227 0.221 0.214 0.236 0.263 0.209 0.215 0.245 0.144 0.144 0.125 0.149 0.13 0.126 0.13 0.131 0.099 0.106 0.107 0.13 0.09 0.109 0.11 0.127 0.114 0.128 0.102 0.105 0.105 0.107 0.078 0.074 0.081 0.078 0.078 0.082 0.09 0.086 0.109 0.091 0.085 0.113 0.105 0.102 0.102 0.087 0.087 0.074 0.086 0.085 0.086 0.082 0.083 0.11 0.072
0.25 0.248 0.286 0.239 0.188 0.204 0.243 0.222 0.238 0.172 0.235 0.229 0.201 0.294 0.235 0.201 0.222 0.246 0.231 0.228 0.228 0.263 0.199 0.204 0.186 0.248 0.274 0.232 0.227 0.203 0.148 0.148 0.12 0.139 0.143 0.141 0.192 0.155 0.107 0.131 0.121 0.122 0.114 0.118 0.13 0.127 0.114 0.128 0.102 0.105 0.105 0.107 0.078 0.074 0.08 0.095 0.095 0.082 0.1 0.109 0.082 0.084 0.088 0.084 0.095 0.082 0.101 0.067 0.067 0.077 0.088 0.098 0.13 0.096 0.08 0.099 0.081
