data/maps/landslide_re.txt
ncols         643
nrows         661
xllcorner     8515.9999992024
yllcorner     47670.999937602
cellsize      1000
NODATA_value  -9999
[rows 340 to 373 of 661, columns 308 to 384 of 643]
0.087 0.081 0.11 0.079 0.066 0.075 0.077 0.065 0.065 0.095 0.079 0.064 0.062 0.115 0.076 0.094 0.065 0.071 0.067 0.078 0.111 0.111 0.051 0.057 0.06 0.058 0.056 0.067 0.053 0.058 0.052 0.055 0.056 0.06 0.083 0.083 0.105 0.071 0.068 0.076 0.072 0.071 0.075 0.073 0.064 0.063 0.061 0.068 0.069 0.069 0.068 0.076 0.066 0.071 0.085 0.067 0.093 0.098 0.075 0.071 0.068 0.057 0.057 0.057 0.067 0.059 0.085 0.124 0.073 0.076 0.078 0.104 0.08 0.097 0.095 0.095 0.066
0.087 0.081 0.11 0.079 0.066 0.075 0.077 0.057 0.058 0.058 0.074 0.062 0.099 0.091 0.067 0.07 0.077 0.061 0.058 0.068 0.059 0.055 0.055 0.06 0.055 0.061 0.062 0.058 0.057 0.057 0.053 0.051 0.055 0.052 0.061 0.061 0.062 0.073 0.079 0.067 0.067 0.058 0.062 0.055 0.058 0.064 0.07 0.085 0.075 0.075 0.073 0.073 0.07 0.079 0.136 0.08 0.065 0.061 0.091 0.065 0.066 0.056 0.056 0.065 0.064 0.059 0.085 0.124 0.073 0.076 0.078 0.104 0.086 0.091 0.103 0.103 0.07
0.074 0.075 0.103 0.067 0.057 0.069 0.079 0.057 0.058 0.058 0.074 0.062 0.099 0.091 0.067 0.07 0.077 0.061 0.058 0.074 0.06 0.059 0.059 0.054 0.061 0.057 0.058 0.053 0.062 0.059 0.066 0.056 0.052 0.053 0.059 0.059 0.056 0.059 0.068 0.065 0.068 0.059 0.054 0.066 0.063 0.062 0.072 0.082 0.087 0.087 0.067 0.078 0.092 0.068 0.091 0.092 0.069 0.076 0.088 0.083 0.068 0.09 0.09 0.103 0.1 0.084 0.072 0.099 0.126 0.069 0.075 0.08 0.083 0.091 0.103 0.103 0.07
0.083 0.066 0.093 0.099 0.08 0.06 0.072 0.06 0.059 0.057 0.064 0.108 0.074 0.095 0.065 0.06 0.062 0.062 0.069 0.074 0.06 0.059 0.059 0.054 0.061 0.057 0.058 0.053 0.062 0.057 0.061 0.058 0.055 0.057 0.056 0.056 0.054 0.054 0.056 0.056 0.059 0.059 0.059 0.063 0.063 0.069 0.082 0.09 0.079 0.079 0.083 0.098 0.081 0.087 0.063 0.087 0.077 0.086 0.118 0.085 0.079 0.086 0.094 0.094 0.078 0.081 0.072 0.069 0.07 0.083 0.079 0.062 0.066 0.086 0.062 0.091 0.091
0.082 0.106 0.083 0.085 0.065 0.068 0.068 0.062 0.058 0.058 0.072 0.064 0.071 0.071 0.061 0.067 0.074 0.059 0.09 0.066 0.063 0.069 0.069 0.065 0.056 0.058 0.051 0.052 0.059 0.057 0.061 0.054 0.055 0.057 0.056 0.056 0.054 0.054 0.056 0.056 0.055 0.056 0.058 0.063 0.06 0.069 0.075 0.076 0.077 0.1 0.1 0.122 0.075 0.086 0.074 0.081 0.096 0.08 0.067 0.094 0.071 0.074 0.074 0.074 0.066 0.073 0.063 0.109 0.135 0.066 0.091 0.068 0.063 0.083 0.075 0.074 0.074
0.123 0.102 0.094 0.073 0.068 0.066 0.069 0.066 0.056 0.056 0.059 0.066 0.061 0.079 0.054 0.063 0.063 0.059 0.067 0.066 0.058 0.059 0.067 0.067 0.074 0.056 0.054 0.055 0.053 0.06 0.065 0.067 0.059 0.054 0.054 0.053 0.053 0.054 0.055 0.054 0.055 0.056 0.058 0.063 0.06 0.069 0.075 0.076 0.077 0.101 0.101 0.117 0.089 0.074 0.068 0.081 0.103 0.078 0.079 0.067 0.063 0.062 0.084 0.084 0.123 0.064 0.166 0.094 0.087 0.084 0.096 0.074 0.078 0.064 0.062 0.103 0.103
0.09 0.079 0.071 0.057 0.067 0.058 0.142 0.094 0.102 0.064 0.064 0.069 0.063 0.071 0.062 0.055 0.054 0.058 0.06 0.058 0.055 0.059 0.053 0.053 0.063 0.052 0.062 0.062 0.055 0.072 0.073 0.087 0.078 0.06 0.06 0.062 0.076 0.053 0.053 0.053 0.056 0.065 0.065 0.058 0.061 0.071 0.071 0.081 0.141 0.101 0.101 0.117 0.089 0.072 0.068 0.081 0.103 0.078 0.063 0.1 0.084 0.06 0.056 0.056 0.121 0.067 0.063 0.086 0.116 0.1 0.072 0.066 0.069 0.057 0.056 0.076 0.076
0.086 0.071 0.07 0.062 0.069 0.084 0.099 0.077 0.101 0.087 0.087 0.063 0.063 0.057 0.06 0.053 0.053 0.062 0.055 0.055 0.053 0.073 0.061 0.061 0.066 0.083 0.082 0.083 0.057 0.07 0.087 0.089 0.076 0.066 0.12 0.076 0.076 0.079 0.064 0.069 0.063 0.066 0.066 0.071 0.063 0.073 0.067 0.097 0.077 0.104 0.104 0.096 0.066 0.066 0.083 0.087 0.066 0.069 0.063 0.1 0.084 0.06 0.056 0.056 0.121 0.067 0.063 0.082 0.094 0.082 0.07 0.057 0.091 0.075 0.063 0.058 0.054
0.086 0.071 0.07 0.062 0.069 0.084 0.099 0.077 0.101 0.071 0.071 0.068 0.065 0.049 0.056 0.056 0.052 0.053 0.052 0.053 0.06 0.069 0.073 0.073 0.075 0.064 0.072 0.078 0.056 0.107 0.093 0.108 0.102 0.069 0.073 0.076 0.076 0.084 0.061 0.064 0.085 0.068 0.07 0.08 0.073 0.063 0.078 0.072 0.084 0.08 0.068 0.068 0.064 0.097 0.072 0.071 0.059 0.064 0.058 0.072 0.099 0.066 0.067 0.077 0.077 0.063 0.12 0.082 0.094 0.082 0.07 0.057 0.091 0.075 0.063 0.066 0.084
0.076 0.089 0.116 0.06 0.074 0.106 0.093 0.096 0.089 0.071 0.071 0.068 0.065 0.049 0.056 0.056 0.052 0.053 0.052 0.053 0.06 0.069 0.103 0.063 0.063 0.065 0.062 0.083 0.063 0.063 0.071 0.078 0.092 0.068 0.105 0.074 0.07 0.07 0.075 0.061 0.114 0.086 0.084 0.065 0.065 0.059 0.063 0.067 0.078 0.07 0.067 0.067 0.063 0.085 0.081 0.058 0.06 0.07 0.063 0.062 0.063 0.064 0.062 0.058 0.058 0.15 0.074 0.062 0.076 0.072 0.076 0.072 0.095 0.096 0.073 0.066 0.064
0.12 0.083 0.08 0.091 0.102 0.099 0.084 0.078 0.066 0.068 0.068 0.063 0.069 0.053 0.052 0.053 0.061 0.054 0.06 0.061 0.062 0.069 0.103 0.063 0.063 0.065 0.062 0.083 0.063 0.063 0.071 0.078 0.076 0.08 0.09 0.068 0.065 0.065 0.064 0.059 0.081 0.117 0.076 0.069 0.064 0.066 0.077 0.057 0.064 0.082 0.062 0.062 0.07 0.082 0.064 0.065 0.058 0.068 0.095 0.069 0.066 0.064 0.058 0.12 0.12 0.063 0.082 0.129 0.133 0.061 0.069 0.105 0.088 0.072 0.074 0.071 0.078
0.083 0.114 0.141 0.071 0.075 0.093 0.099 0.118 0.114 0.091 0.065 0.065 0.076 0.05 0.051 0.055 0.058 0.059 0.059 0.057 0.066 0.076 0.081 0.061 0.061 0.061 0.154 0.066 0.059 0.07 0.095 0.068 0.076 0.08 0.09 0.068 0.065 0.065 0.064 0.059 0.081 0.117 0.084 0.078 0.065 0.085 0.062 0.063 0.061 0.065 0.064 0.068 0.068 0.071 0.123 0.081 0.08 0.077 0.112 0.064 0.081 0.073 0.094 0.067 0.079 0.079 0.088 0.088 0.087 0.077 0.09 0.078 0.07 0.074 0.097 0.092 0.099
0.093 0.082 0.129 0.069 0.107 0.128 0.107 0.086 0.079 0.072 0.063 0.063 0.054 0.064 0.057 0.053 0.078 0.07 0.084 0.072 0.069 0.087 0.068 0.086 0.086 0.105 0.066 0.068 0.069 0.063 0.074 0.081 0.066 0.066 0.1 0.073 0.069 0.069 0.062 0.066 0.077 0.063 0.084 0.078 0.065 0.085 0.062 0.063 0.061 0.065 0.064 0.074 0.074 0.089 0.083 0.067 0.07 0.072 0.063 0.065 0.076 0.06 0.064 0.108 0.07 0.07 0.083 0.089 0.064 0.074 0.072 0.066 0.075 0.101 0.103 0.1 0.077
0.075 0.138 0.086 0.097 0.098 0.079 0.11 0.103 0.082 0.059 0.054 0.054 0.057 0.066 0.059 0.074 0.063 0.066 0.081 0.067 0.069 0.064 0.082 0.063 0.063 0.067 0.072 0.098 0.069 0.063 0.076 0.087 0.136 0.076 0.068 0.066 0.056 0.088 0.088 0.081 0.062 0.067 0.071 0.065 0.073 0.083 0.074 0.073 0.068 0.058 0.088 0.074 0.074 0.089 0.083 0.067 0.082 0.072 0.063 0.065 0.082 0.062 0.055 0.074 0.073 0.073 0.07 0.082 0.092 0.074 0.067 0.068 0.074 0.08 0.108 0.096 0.077
0.096 0.087 0.083 0.128 0.088 0.119 0.09 0.078 0.056 0.058 0.063 0.063 0.056 0.099 0.065 0.069 0.084 0.077 0.075 0.061 0.073 0.063 0.064 0.07 0.059 0.059 0.071 0.058 0.06 0.098 0.07 0.068 0.065 0.067 0.084 0.064 0.067 0.076 0.076 0.069 0.075 0.071 0.071 0.064 0.063 0.109 0.085 0.071 0.066 0.09 0.092 0.076 0.076 0.071 0.078 0.077 0.138 0.157 0.064 0.065 0.082 0.062 0.055 0.074 0.073 0.073 0.07 0.082 0.085 0.068 0.067 0.08 0.084 0.077 0.083 0.108 0.078
0.096 0.087 0.083 0.128 0.088 0.119 0.09 0.078 0.056 0.058 0.063 0.063 0.074 0.076 0.076 0.077 0.077 0.082 0.072 0.082 0.11 0.074 0.069 0.064 0.14 0.14 0.129 0.063 0.124 0.068 0.062 0.089 0.071 0.087 0.081 0.08 0.06 0.086 0.086 0.089 0.069 0.119 0.086 0.092 0.116 0.066 0.067 0.079 0.088 0.11 0.064 0.071 0.071 0.072 0.066 0.087 0.087 0.08 0.061 0.117 0.082 0.081 0.066 0.096 0.075 0.095 0.095 0.075 0.085 0.068 0.067 0.08 0.084 0.077 0.083 0.108 0.078
0.104 0.098 0.083 0.092 0.103 0.096 0.089 0.079 0.062 0.066 0.065 0.065 0.074 0.076 0.061 0.077 0.077 0.082 0.072 0.082 0.11 0.074 0.069 0.074 0.081 0.081 0.069 0.068 0.144 0.073 0.082 0.077 0.07 0.086 0.093 0.072 0.077 0.072 0.072 0.082 0.082 0.089 0.079 0.08 0.075 0.064 0.068 0.075 0.1 0.064 0.084 0.078 0.075 0.075 0.064 0.069 0.066 0.073 0.076 0.084 0.085 0.057 0.075 0.073 0.085 0.078 0.078 0.086 0.084 0.105 0.073 0.098 0.118 0.091 0.103 0.122 0.093
0.096 0.099 0.102 0.094 0.092 0.08 0.07 0.062 0.056 0.073 0.063 0.095 0.095 0.096 0.086 0.076 0.072 0.08 0.098 0.079 0.082 0.074 0.069 0.074 0.081 0.081 0.069 0.068 0.144 0.073 0.082 0.077 0.07 0.086 0.11 0.076 0.064 0.095 0.071 0.071 0.11 0.072 0.062 0.074 0.077 0.092 0.085 0.07 0.099 0.077 0.076 0.1 0.097 0.097 0.08 0.085 0.1 0.117 0.131 0.101 0.08 0.058 0.068 0.085 0.11 0.086 0.086 0.1 0.093 0.095 0.132 0.175 0.1 0.106 0.151 0.118 0.103
0.105 0.086 0.087 0.073 0.084 0.097 0.083 0.098 0.059 0.062 0.059 0.06 0.06 0.121 0.088 0.064 0.081 0.094 0.13 0.074 0.075 0.132 0.063 0.083 0.095 0.095 0.065 0.077 0.066 0.09 0.083 0.068 0.094 0.075 0.11 0.076 0.064 0.095 0.071 0.071 0.11 0.072 0.062 0.074 0.069 0.093 0.072 0.067 0.07 0.07 0.084 0.087 0.097 0.097 0.097 0.099 0.128 0.121 0.117 0.091 0.087 0.101 0.116 0.17 0.173 0.109 0.122 0.11 0.111 0.109 0.225 0.105 0.145 0.113 0.129 0.108 0.113
0.06 0.12 0.106 0.086 0.107 0.085 0.076 0.087 0.118 0.066 0.068 0.063 0.063 0.072 0.067 0.066 0.087 0.099 0.092 0.083 0.077 0.11 0.087 0.103 0.095 0.08 0.08 0.095 0.093 0.124 0.086 0.114 0.078 0.084 0.085 0.072 0.08 0.075 0.085 0.085 0.076 0.081 0.087 0.076 0.069 0.093 0.072 0.067 0.07 0.07 0.084 0.087 0.097 0.1 0.1 0.101 0.097 0.113 0.091 0.121 0.101 0.139 0.13 0.166 0.155 0.152 0.187 0.187 0.15 0.134 0.144 0.222 0.14 0.156 0.19 0.159 0.125
0.059 0.074 0.062 0.131 0.12 0.082 0.071 0.063 0.067 0.103 0.112 0.06 0.06 0.084 0.087 0.084 0.183 0.074 0.152 0.078 0.074 0.112 0.228 0.118 0.12 0.095 0.095 0.072 0.078 0.112 0.102 0.099 0.089 0.081 0.1 0.075 0.132 0.099 0.087 0.087 0.072 0.133 0.073 0.065 0.076 0.093 0.075 0.079 0.068 0.076 0.09 0.085 0.117 0.1 0.1 0.101 0.097 0.113 0.091 0.102 0.101 0.139 0.163 0.19 0.212 0.23 0.152 0.18 0.18 0.185 0.192 0.148 0.204 0.136 0.201 0.161 0.175
0.059 0.074 0.088 0.097 0.084 0.067 0.061 0.053 0.072 0.056 0.063 0.06 0.061 0.061 0.081 0.09 0.142 0.1 0.113 0.127 0.086 0.114 0.255 0.214 0.164 0.195 0.22 0.13 0.111 0.107 0.148 0.119 0.104 0.095 0.097 0.094 0.134 0.117 0.101 0.164 0.164 0.093 0.094 0.066 0.079 0.102 0.094 0.074 0.067 0.107 0.068 0.071 0.087 0.115 0.115 0.137 0.135 0.167 0.152 0.198 0.177 0.23 0.163 0.19 0.212 0.23 0.152 0.18 0.18 0.185 0.221 0.169 0.172 0.177 0.208 0.177 0.133
0.063 0.065 0.088 0.097 0.084 0.067 0.061 0.053 0.072 0.056 0.063 0.06 0.061 0.061 0.081 0.082 0.126 0.137 0.088 0.205 0.091 0.092 0.202 0.196 0.172 0.229 0.229 0.187 0.163 0.16 0.166 0.194 0.141 0.172 0.172 0.132 0.116 0.107 0.095 0.074 0.074 0.087 0.126 0.087 0.108 0.08 0.071 0.09 0.082 0.079 0.084 0.082 0.124 0.123 0.123 0.12 0.119 0.167 0.184 0.143 0.182 0.206 0.258 0.249 0.233 0.219 0.153 0.195 0.195 0.196 0.221 0.169 0.172 0.177 0.208 0.177 0.133
0.074 0.113 0.094 0.122 0.086 0.066 0.084 0.067 0.068 0.06 0.052 0.064 0.058 0.058 0.066 0.082 0.126 0.137 0.088 0.205 0.091 0.092 0.202 0.196 0.172 0.229 0.172 0.172 0.188 0.145 0.158 0.141 0.124 0.158 0.151 0.153 0.133 0.149 0.112 0.096 0.096 0.112 0.084 0.08 0.133 0.097 0.097 0.09 0.088 0.086 0.111 0.126 0.124 0.146 0.143 0.143 0.187 0.172 0.187 0.167 0.179 0.265 0.279 0.235 0.342 0.37 0.131 0.208 0.208 0.237 0.201 0.173 0.222 0.19 0.209 0.172 0.133
0.095 0.072 0.108 0.077 0.087 0.066 0.09 0.081 0.099 0.062 0.066 0.06 0.067 0.067 0.062 0.067 0.097 0.105 0.114 0.158 0.119 0.15 0.144 0.15 0.189 0.177 0.172 0.172 0.188 0.145 0.158 0.141 0.124 0.158 0.151 0.153 0.122 0.123 0.152 0.129 0.129 0.1 0.116 0.117 0.114 0.097 0.087 0.087 0.083 0.099 0.141 0.14 0.144 0.122 0.208 0.208 0.178 0.155 0.239 0.18 0.208 0.307 0.338 0.252 0.385 0.228 0.142 0.5 0.586 0.586 0.208 0.26 0.369 0.209 0.28 0.286 0.258
0.089 0.103 0.122 0.066 0.098 0.073 0.081 0.087 0.095 0.085 0.097 0.075 0.065 0.065 0.069 0.084 0.109 0.078 0.087 0.107 0.273 0.132 0.255 0.234 0.202 0.151 0.179 0.179 0.187 0.173 0.215 0.176 0.166 0.144 0.136 0.133 0.122 0.123 0.152 0.115 0.129 0.1 0.116 0.117 0.114 0.097 0.11 0.105 0.101 0.11 0.116 0.138 0.152 0.152 0.16 0.16 0.205 0.215 0.165 0.247 0.257 0.312 0.35 0.352 0.594 0.238 0.144 0.534 0.589 0.589 0.354 0.423 0.517 0.206 0.362 0.405 0.364
0.09 0.11 0.109 0.065 0.096 0.087 0.07 0.069 0.069 0.075 0.086 0.077 0.068 0.06 0.06 0.114 0.092 0.109 0.108 0.213 0.147 0.198 0.145 0.194 0.192 0.287 0.215 0.215 0.169 0.151 0.143 0.145 0.126 0.135 0.116 0.111 0.107 0.097 0.139 0.103 0.111 0.111 0.098 0.115 0.131 0.121 0.11 0.105 0.101 0.11 0.116 0.138 0.152 0.152 0.16 0.197 0.197 0.23 0.2 0.182 0.243 0.26 0.289 0.449 0.372 0.388 0.193 0.498 0.538 0.538 0.627 0.392 0.409 0.477 0.485 0.364 0.312
0.094 0.104 0.114 0.101 0.074 0.101 0.063 0.062 0.054 0.064 0.065 0.071 0.072 0.061 0.061 0.104 0.109 0.1 0.099 0.115 0.127 0.145 0.137 0.176 0.14 0.163 0.176 0.176 0.129 0.19 0.171 0.15 0.157 0.138 0.143 0.095 0.113 0.105 0.169 0.099 0.129 0.097 0.088 0.127 0.13 0.117 0.091 0.145 0.133 0.154 0.173 0.123 0.138 0.143 0.151 0.197 0.197 0.23 0.2 0.182 0.243 0.26 0.289 0.449 0.162 0.263 0.469 0.62 0.53 0.262 0.262 0.167 0.283 0.426 0.419 0.441 0.404
0.094 0.104 0.114 0.101 0.074 0.076 0.079 0.053 0.064 0.056 0.055 0.067 0.068 0.066 0.066 0.104 0.095 0.142 0.093 0.098 0.183 0.169 0.143 0.194 0.125 0.146 0.173 0.187 0.187 0.112 0.152 0.142 0.135 0.127 0.139 0.13 0.197 0.179 0.13 0.098 0.091 0.117 0.123 0.1 0.074 0.117 0.084 0.129 0.118 0.155 0.102 0.104 0.135 0.167 0.186 0.176 0.176 0.135 0.187 0.257 0.295 0.241 0.287 0.327 0.162 0.263 0.469 0.62 0.53 0.262 0.262 0.167 0.382 0.52 0.477 0.445 0.511
0.104 0.092 0.168 0.112 0.075 0.076 0.079 0.053 0.064 0.056 0.055 0.067 0.068 0.066 0.066 0.104 0.095 0.113 0.117 0.158 0.139 0.09 0.148 0.183 0.179 0.113 0.158 0.135 0.135 0.124 0.172 0.179 0.187 0.134 0.14 0.172 0.154 0.125 0.114 0.142 0.13 0.088 0.154 0.1 0.089 0.08 0.094 0.131 0.109 0.103 0.1 0.099 0.106 0.137 0.184 0.194 0.194 0.164 0.142 0.166 0.335 0.26 0.295 0.331 0.134 0.216 0.432 0.557 0.631 0.371 0.371 0.399 0.382 0.52 0.477 0.445 0.511
0.12 0.069 0.107 0.094 0.077 0.078 0.07 0.058 0.066 0.064 0.062 0.061 0.072 0.092 0.092 0.098 0.079 0.113 0.117 0.158 0.139 0.09 0.148 0.183 0.179 0.113 0.158 0.135 0.135 0.162 0.139 0.143 0.132 0.094 0.158 0.126 0.117 0.134 0.129 0.105 0.163 0.145 0.134 0.105 0.087 0.106 0.091 0.085 0.159 0.116 0.085 0.084 0.081 0.108 0.192 0.105 0.168 0.168 0.197 0.204 0.134 0.208 0.346 0.18 0.142 0.51 0.45 0.661 0.697 0.551 0.551 0.665 0.362 0.524 0.577 0.491 0.398
0.104 0.12 0.099 0.081 0.073 0.068 0.066 0.058 0.056 0.07 0.069 0.059 0.06 0.076 0.103 0.103 0.099 0.11 0.128 0.13 0.116 0.101 0.103 0.144 0.153 0.154 0.168 0.135 0.135 0.162 0.139 0.143 0.132 0.094 0.158 0.126 0.117 0.134 0.168 0.122 0.139 0.178 0.195 0.085 0.081 0.088 0.086 0.118 0.093 0.089 0.07 0.094 0.081 0.132 0.14 0.134 0.146 0.146 0.185 0.101 0.081 0.151 0.16 0.134 0.181 0.487 0.532 0.622 0.428 0.435 0.61 0.61 0.474 0.433 0.57 0.627 0.543
0.105 0.11 0.096 0.106 0.146 0.06 0.066 0.064 0.08 0.063 0.06 0.071 0.057 0.071 0.082 0.082 0.07 0.106 0.104 0.09 0.146 0.113 0.183 0.128 0.163 0.137 0.119 0.113 0.108 0.108 0.12 0.135 0.124 0.128 0.1 0.13 0.101 0.118 0.168 0.122 0.139 0.178 0.195 0.085 0.081 0.088 0.086 0.118 0.099 0.099 0.106 0.1 0.093 0.124 0.142 0.12 0.124 0.124 0.157 0.139 0.119 0.194 0.132 0.17 0.176 0.364 0.551 0.522 0.437 0.663 0.588 0.588 0.52 0.583 0.598 0.328 0.428
0.08 0.099 0.085 0.094 0.104 0.062 0.093 0.07 0.065 0.089 0.053 0.065 0.071 0.066 0.07 0.07 0.062 0.092 0.096 0.085 0.113 0.171 0.124 0.098 0.105 0.09 0.114 0.092 0.085 0.085 0.113 0.113 0.099 0.12 0.118 0.105 0.169 0.117 0.154 0.244 0.171 0.157 0.081 0.116 0.075 0.083 0.109 0.145 0.099 0.099 0.106 0.1 0.093 0.124 0.142 0.12 0.124 0.091 0.091 0.107 0.119 0.185 0.223 0.24 0.177 0.247 0.438 0.495 0.542 0.666 0.603 0.603 0.679 0.634 0.605 0.353 0.39
