data/maps/pop.txt
ncols         643
nrows         661
xllcorner     8515.9999992024
yllcorner     47670.999937602
cellsize      1000
NODATA_value  -99
[rows 408 to 441 of 661, columns 152 to 227 of 643]
41.55431 41.55431 41.55431 41.55431 41.55431 104.1336 104.1336 104.1336 104.1336 104.1336 104.1336 104.1336 56.00729 56.00729 56.00729 56.00729 56.00729 80.70024 80.70024 168.3979 168.3979 168.3979 168.3979 83.73301 83.73301 168.3979 144.0859 144.0859 144.0859 144.0859 144.0859 115.3869 115.3869 115.3869 115.3869 41.97516 41.97516 434.4098 57.05791 57.05791 57.05791 57.05791 57.05791 57.05791 57.05791 57.05791 57.05791 57.05791 150.9576 150.9576 150.9576 150.9576 150.9576 150.9576 150.9576 83.45857 83.45857 83.45857 83.45857 83.45857 83.45857 133.8147 133.8147 133.8147 133.8147 133.8147 133.8147 133.8147 133.8147 27.87221 27.87221 27.87221 27.87221 27.87221 44.54092 44.54092
41.55431 41.55431 41.55431 41.55431 104.1336 104.1336 104.1336 104.1336 104.1336 104.1336 104.1336 104.1336 56.00729 56.00729 56.00729 56.00729 80.70024 80.70024 80.70024 80.70024 168.3979 168.3979 168.3979 83.73301 83.73301 83.73301 83.73301 144.0859 144.0859 144.0859 144.0859 144.0859 115.3869 115.3869 115.3869 41.97516 41.97516 57.05791 57.05791 57.05791 57.05791 57.05791 57.05791 57.05791 57.05791 57.05791 57.05791 57.05791 150.9576 150.9576 150.9576 150.9576 150.9576 150.9576 39.29215 83.45857 83.45857 83.45857 83.45857 83.45857 83.45857 133.8147 133.8147 133.8147 133.8147 133.8147 133.8147 133.8147 133.8147 27.87221 27.87221 27.87221 27.87221 27.87221 44.54092 44.54092
41.55431 41.55431 41.55431 41.55431 104.1336 104.1336 104.1336 104.1336 104.1336 104.1336 104.1336 104.1336 104.1336 56.00729 56.00729 56.00729 80.70024 80.70024 80.70024 80.70024 168.3979 168.3979 83.73301 83.73301 83.73301 83.73301 83.73301 144.0859 144.0859 144.0859 144.0859 144.0859 115.3869 115.3869 115.3869 41.97516 41.97516 41.97516 57.05791 118.5869 118.5869 57.05791 53.07274 57.05791 57.05791 57.05791 57.05791 57.05791 28.81303 150.9576 150.9576 150.9576 150.9576 39.29215 39.29215 39.29215 39.29215 83.45857 83.45857 83.45857 83.45857 133.8147 133.8147 133.8147 133.8147 133.8147 133.8147 26.05376 26.05376 27.87221 27.87221 27.87221 27.87221 27.87221 27.87221 44.54092
34.98591 34.98591 34.98591 42.08685 104.1336 104.1336 104.1336 104.1336 104.1336 104.1336 104.1336 104.1336 104.1336 56.00729 56.00729 56.00729 80.70024 80.70024 80.70024 80.70024 72.835 83.73301 83.73301 83.73301 83.73301 83.73301 83.73301 83.73301 144.0859 144.0859 144.0859 144.0859 115.3869 41.97516 41.97516 41.97516 41.97516 41.97516 118.5869 118.5869 53.07274 53.07274 53.07274 53.07274 53.07274 53.07274 57.05791 57.05791 57.05791 28.81303 28.81303 150.9576 39.29215 39.29215 39.29215 39.29215 39.29215 39.29215 83.45857 83.45857 83.45857 133.8147 133.8147 133.8147 133.8147 133.8147 26.05376 26.05376 26.05376 26.05376 27.87221 27.87221 27.87221 27.87221 27.87221 51.68247
34.98591 34.98591 42.08685 42.08685 42.08685 42.08685 104.1336 104.1336 104.1336 104.1336 104.1336 104.1336 104.1336 56.00729 56.00729 56.00729 80.70024 80.70024 80.70024 72.835 72.835 72.835 83.73301 72.835 83.73301 83.73301 83.73301 83.73301 144.0859 144.0859 144.0859 41.97516 41.97516 41.97516 41.97516 41.97516 41.97516 41.97516 118.5869 53.07274 53.07274 53.07274 53.07274 53.07274 53.07274 53.07274 57.05791 57.05791 28.81303 28.81303 150.9576 150.9576 39.29215 39.29215 39.29215 39.29215 39.29215 39.29215 39.29215 39.29215 133.8147 133.8147 133.8147 133.8147 133.8147 26.05376 26.05376 26.05376 26.05376 26.05376 26.05376 27.87221 27.87221 27.87221 27.87221 27.87221
34.98591 34.98591 42.08685 42.08685 42.08685 42.08685 42.08685 42.08685 104.1336 104.1336 104.1336 104.1336 104.1336 56.00729 56.00729 75.25863 75.25863 75.25863 72.835 72.835 72.835 72.835 83.73301 72.835 72.835 83.73301 83.73301 83.73301 144.0859 144.0859 1662.107 1662.107 1662.107 41.97516 41.97516 110.9305 41.97516 118.5869 118.5869 118.5869 53.07274 53.07274 53.07274 53.07274 53.07274 53.07274 53.07274 28.81303 28.81303 28.81303 28.81303 28.81303 28.81303 39.29215 39.29215 39.29215 39.29215 39.29215 39.29215 42.62828 42.62828 133.8147 133.8147 133.8147 133.8147 26.05376 26.05376 26.05376 26.05376 26.05376 26.05376 26.05376 27.87221 27.87221 27.87221 27.87221
34.98591 34.98591 42.08685 42.08685 42.08685 42.08685 42.08685 42.08685 104.1336 42.08685 42.08685 42.08685 104.1336 56.00729 56.00729 75.25863 75.25863 72.835 72.835 72.835 72.835 72.835 72.835 72.835 72.835 83.73301 83.73301 1662.107 1662.107 1662.107 1662.107 1662.107 1662.107 110.9305 110.9305 110.9305 110.9305 110.9305 118.5869 118.5869 118.5869 118.5869 118.5869 53.07274 53.07274 53.07274 53.07274 28.81303 28.81303 28.81303 28.81303 28.81303 28.81303 39.29215 39.29215 39.29215 39.29215 39.29215 42.62828 42.62828 42.62828 133.8147 133.8147 133.8147 26.05376 26.05376 26.05376 26.05376 26.05376 26.05376 26.05376 26.05376 26.05376 27.87221 27.87221 27.87221
34.98591 34.98591 105.1794 105.1794 42.08685 42.08685 42.08685 42.08685 42.08685 42.08685 42.08685 42.08685 56.00729 56.00729 75.25863 75.25863 75.25863 75.25863 75.25863 72.835 72.835 72.835 72.835 72.835 72.835 1662.107 1662.107 1662.107 1662.107 1662.107 1662.107 1662.107 1662.107 50.85194 110.9305 110.9305 110.9305 110.9305 110.9305 118.5869 118.5869 118.5869 118.5869 118.5869 53.07274 53.07274 53.07274 53.07274 28.81303 28.81303 28.81303 28.81303 28.81303 39.29215 39.29215 39.29215 39.29215 39.29215 42.62828 42.62828 42.62828 42.62828 133.8147 26.05376 26.05376 26.05376 26.05376 26.05376 26.05376 26.05376 26.05376 26.05376 26.05376 27.87221 27.87221 212.528
34.98591 34.98591 105.1794 105.1794 105.1794 42.08685 42.08685 42.08685 42.08685 42.08685 42.08685 42.08685 56.00729 56.00729 75.25863 75.25863 75.25863 75.25863 75.25863 75.25863 72.835 72.835 1744.63 1744.63 10569.4 1662.107 1662.107 1662.107 1662.107 1662.107 1662.107 1662.107 50.85194 50.85194 50.85194 110.9305 110.9305 110.9305 110.9305 110.9305 118.5869 118.5869 118.5869 118.5869 53.07274 53.07274 53.07274 53.07274 28.81303 28.81303 28.81303 28.81303 28.81303 28.81303 39.29215 39.29215 39.29215 42.62828 42.62828 42.62828 42.62828 42.62828 42.62828 26.05376 26.05376 26.05376 26.05376 26.05376 26.05376 26.05376 26.05376 26.05376 26.05376 212.528 212.528 212.528
34.98591 34.98591 105.1794 105.1794 105.1794 105.1794 42.08685 42.08685 42.08685 42.08685 42.08685 56.00729 56.00729 56.00729 75.25863 75.25863 75.25863 75.25863 75.25863 75.25863 879.2533 879.2533 879.2533 1744.63 11496.15 11496.15 1662.107 1662.107 1662.107 12022.09 12022.09 3342.4 50.85194 50.85194 50.85194 110.9305 110.9305 110.9305 110.9305 110.9305 118.5869 118.5869 118.5869 118.5869 53.07274 53.07274 53.07274 53.07274 53.07274 28.81303 28.81303 28.81303 28.81303 28.81303 28.81303 28.81303 39.29215 42.62828 42.62828 42.62828 42.62828 42.62828 42.62828 26.05376 26.05376 26.05376 15.42433 15.42433 26.05376 26.05376 26.05376 26.05376 26.05376 212.528 212.528 212.528
34.98591 34.98591 105.1794 105.1794 105.1794 105.1794 105.1794 42.08685 42.08685 42.08685 72.39226 72.39226 72.39226 72.39226 75.25863 72.39226 72.39226 75.25863 75.25863 75.25863 879.2533 879.2533 879.2533 1744.63 1744.63 11496.15 1662.107 1662.107 1662.107 12022.09 12022.09 3342.4 50.85194 50.85194 50.85194 50.85194 110.9305 110.9305 110.9305 110.9305 110.9305 118.5869 118.5869 118.5869 53.07274 53.07274 53.07274 53.07274 53.07274 28.81303 28.81303 28.81303 28.81303 28.81303 28.81303 6.61651 6.61651 42.62828 42.62828 42.62828 42.62828 42.62828 42.62828 15.42433 15.42433 15.42433 15.42433 15.42433 15.42433 26.05376 26.05376 26.05376 26.05376 212.528 212.528 212.528
73.62083 73.62083 105.1794 73.62083 105.1794 105.1794 105.1794 105.1794 42.08685 42.08685 72.39226 72.39226 72.39226 72.39226 72.39226 72.39226 72.39226 75.25863 75.25863 75.25863 879.2533 879.2533 9995.696 9995.696 8587.052 8587.052 1662.107 1662.107 1662.107 11336.81 3342.4 3342.4 8788.693 8788.693 50.85194 50.85194 110.9305 110.9305 32.28599 32.28599 32.28599 118.5869 118.5869 118.5869 53.07274 53.07274 53.07274 53.07274 53.07274 53.07274 6.61651 28.81303 28.81303 6.61651 6.61651 6.61651 6.61651 6.61651 42.62828 42.62828 42.62828 42.62828 42.62828 42.62828 15.42433 15.42433 15.42433 15.42433 15.42433 15.42433 15.42433 26.05376 26.05376 26.05376 212.528 212.528
73.62083 73.62083 73.62083 73.62083 73.62083 105.1794 105.1794 105.1794 72.39226 72.39226 72.39226 72.39226 72.39226 72.39226 72.39226 72.39226 72.39226 75.25863 75.25863 879.2533 879.2533 879.2533 9995.696 9995.696 16798.4 8587.052 8587.052 8489.952 15517.39 11336.81 24483.94 7992.656 8788.693 8785.353 8785.353 50.85194 110.9305 32.28599 50.85194 50.85194 32.28599 32.28599 32.28599 118.5869 32.28599 53.07274 53.07274 53.07274 6.61651 6.61651 6.61651 6.61651 6.61651 6.61651 6.61651 6.61651 6.61651 6.61651 42.62828 42.62828 42.62828 42.62828 45.80784 45.80784 45.80784 15.42433 15.42433 15.42433 15.42433 15.42433 15.42433 15.42433 15.42433 15.42433 15.42433 15.42433
73.62083 73.62083 73.62083 73.62083 73.62083 105.1794 105.1794 105.1794 105.1794 72.39226 72.39226 72.39226 72.39226 72.39226 72.39226 72.39226 72.39226 1243.58 75.25863 879.2533 879.2533 879.2533 12910.45 12910.45 16798.4 8489.952 8489.952 24248.06 15517.39 14672.18 14672.18 14672.18 2134.877 12775.5 8785.353 50.85194 50.85194 50.85194 50.85194 50.85194 50.85194 32.28599 32.28599 32.28599 32.28599 6.61651 6.61651 6.61651 6.61651 6.61651 6.61651 6.61651 6.61651 6.61651 6.61651 6.61651 6.61651 45.80784 45.80784 45.80784 45.80784 45.80784 45.80784 45.80784 45.80784 15.42433 15.42433 15.42433 15.42433 15.42433 15.42433 15.42433 15.42433 15.42433 15.42433 15.42433
73.62083 73.62083 73.62083 73.62083 73.62083 105.1794 105.1794 105.1794 105.1794 73.82778 72.39226 72.39226 72.39226 73.82778 72.39226 1243.58 1243.58 1243.58 1243.58 1243.58 879.2533 18189.36 22411 12910.45 2114.889 2114.889 8489.952 8489.952 9707.46 8078.594 11186.21 18908.75 10071.45 13790.66 12775.5 50.85194 50.85194 50.85194 50.85194 50.85194 50.85194 32.28599 32.28599 32.28599 32.28599 32.28599 6.61651 6.61651 6.61651 6.61651 6.61651 6.61651 6.61651 6.61651 6.61651 6.61651 6.61651 45.80784 45.80784 45.80784 45.80784 45.80784 45.80784 45.80784 45.80784 45.80784 15.42433 15.42433 15.42433 15.42433 15.42433 15.42433 15.42433 15.42433 15.42433 15.42433
73.62083 73.62083 73.62083 73.62083 105.1794 105.1794 105.1794 105.1794 73.82778 73.82778 73.82778 73.82778 73.82778 73.82778 73.82778 1243.58 1243.58 1243.58 1243.58 1243.58 1243.58 3490.715 3490.715 2114.889 2114.889 11970.49 17822.64 2114.889 9707.46 8977.145 4362.941 5572.733 22636.54 13525.58 13790.66 50.85194 50.85194 50.85194 50.85194 50.85194 50.85194 32.28599 32.28599 32.28599 32.28599 32.28599 6.61651 6.61651 6.61651 6.61651 6.61651 6.61651 6.61651 6.61651 6.61651 6.61651 6.61651 45.80784 45.80784 45.80784 45.80784 45.80784 45.80784 45.80784 45.80784 45.80784 15.42433 15.42433 15.42433 15.42433 15.42433 15.42433 15.42433 15.42433 15.42433 15.42433
73.62083 73.62083 52.83554 73.62083 73.62083 105.1794 52.83554 52.83554 73.82778 73.82778 73.82778 73.82778 73.82778 73.82778 73.82778 73.82778 1243.58 1243.58 1243.58 1243.58 1243.58 1243.58 3490.715 3490.715 11970.49 11970.49 17822.64 15062.46 9257.399 8977.145 11043.47 4271.253 7446.928 3908.012 3908.012 50.85194 50.85194 50.85194 50.85194 50.85194 32.28599 32.28599 32.28599 32.28599 32.28599 32.28599 6.61651 6.61651 6.61651 6.61651 6.61651 6.61651 6.61651 6.61651 6.61651 6.61651 6.61651 45.80784 45.80784 45.80784 45.80784 45.80784 45.80784 45.80784 45.80784 15.42433 15.42433 15.42433 15.42433 15.42433 15.42433 15.42433 15.42433 15.42433 15.42433 15.42433
52.83554 52.83554 52.83554 52.83554 52.83554 52.83554 52.83554 52.83554 73.82778 73.82778 73.82778 73.82778 73.82778 283.8457 283.8457 283.8457 283.8457 283.8457 283.8457 283.8457 1243.58 2118.714 2118.714 2118.714 248.4919 248.4919 15062.46 19606.52 16738.56 16561.36 11043.47 9261.354 8138.06 4198.565 3908.012 50.85194 50.85194 50.85194 50.85194 50.85194 32.28599 32.28599 32.28599 32.28599 32.28599 32.28599 32.28599 6.61651 6.61651 6.61651 6.61651 6.61651 6.61651 6.61651 6.61651 6.61651 6.61651 45.80784 45.80784 45.80784 45.80784 45.80784 45.80784 45.80784 15.42433 15.42433 15.42433 15.42433 26.34715 15.42433 15.42433 15.42433 15.42433 15.42433 15.42433 15.42433
52.83554 52.83554 52.83554 52.83554 52.83554 52.83554 52.83554 52.83554 73.82778 73.82778 73.82778 73.82778 283.8457 283.8457 283.8457 283.8457 283.8457 283.8457 283.8457 283.8457 7532.263 8418.464 2118.714 248.4919 248.4919 13054.51 13054.51 13054.51 8748.36 13443.06 13125.88 22070.23 14608.36 1185.831 1185.831 1185.831 1185.831 1185.831 50.85194 50.85194 14.08656 14.08656 32.28599 32.28599 32.28599 32.28599 32.28599 6.61651 14.08656 6.61651 6.61651 6.61651 6.61651 6.61651 6.61651 6.61651 6.61651 6.61651 45.80784 45.80784 45.80784 45.80784 45.80784 45.80784 15.42433 26.34715 15.42433 26.34715 26.34715 26.34715 15.42433 15.42433 15.42433 15.42433 15.42433 15.42433
52.83554 52.83554 52.83554 52.83554 52.83554 52.83554 52.83554 52.83554 73.82778 73.82778 73.82778 73.82778 283.8457 283.8457 283.8457 283.8457 283.8457 283.8457 283.8457 128.041 2719.13 2719.13 2118.714 248.4919 248.4919 248.4919 23473.43 8748.36 8748.36 13125.88 5096.428 15652.23 15652.23 297.9326 297.9326 1185.831 1185.831 1185.831 1185.831 50.85194 14.08656 14.08656 14.08656 14.08656 14.08656 32.28599 32.28599 14.08656 14.08656 14.08656 14.08656 6.61651 6.61651 6.61651 25.72542 25.72542 25.72542 32.73037 32.73037 45.80784 45.80784 45.80784 45.80784 26.34715 26.34715 26.34715 26.34715 26.34715 26.34715 26.34715 26.34715 15.42433 15.42433 15.42433 15.42433 40.83025
52.83554 52.83554 52.83554 52.83554 52.83554 52.83554 52.83554 52.83554 73.82778 73.82778 73.82778 73.82778 283.8457 283.8457 283.8457 283.8457 283.8457 283.8457 283.8457 128.041 2719.13 2118.714 248.4919 248.4919 248.4919 248.4919 248.4919 8748.36 1129.169 5096.428 5096.428 5096.428 297.9326 297.9326 297.9326 297.9326 1185.831 1185.831 297.9326 14.08656 14.08656 14.08656 14.08656 14.08656 14.08656 14.08656 14.08656 14.08656 14.08656 14.08656 14.08656 14.08656 25.72542 25.72542 25.72542 25.72542 25.72542 32.73037 32.73037 32.73037 32.73037 45.80784 26.34715 26.34715 26.34715 26.34715 26.34715 26.34715 26.34715 26.34715 26.34715 15.42433 15.42433 15.42433 40.83025 40.83025
52.83554 52.83554 52.83554 52.83554 52.83554 52.83554 52.83554 52.83554 38.73435 73.82778 102.1031 102.1031 102.1031 102.1031 102.1031 102.1031 128.041 128.041 128.041 128.041 128.041 2719.13 248.4919 248.4919 248.4919 248.4919 167.4938 1129.169 1129.169 5096.428 5096.428 5096.428 297.9326 297.9326 297.9326 297.9326 297.9326 297.9326 297.9326 575.7197 14.08656 14.08656 14.08656 14.08656 14.08656 14.08656 14.08656 14.08656 14.08656 14.08656 14.08656 25.72542 25.72542 25.72542 25.72542 25.72542 25.72542 32.73037 32.73037 32.73037 32.73037 45.80784 26.34715 26.34715 26.34715 26.34715 26.34715 26.34715 26.34715 26.34715 26.34715 15.42433 15.42433 15.42433 40.83025 40.83025
52.83554 52.83554 52.83554 38.73435 52.83554 52.83554 52.83554 38.73435 38.73435 102.1031 102.1031 102.1031 102.1031 102.1031 102.1031 102.1031 102.1031 128.041 128.041 128.041 128.041 248.4919 248.4919 248.4919 167.4938 167.4938 167.4938 167.4938 1129.169 5096.428 5096.428 5096.428 297.9326 297.9326 297.9326 297.9326 297.9326 297.9326 575.7197 575.7197 575.7197 14.08656 14.08656 14.08656 14.08656 14.08656 14.08656 14.08656 14.08656 14.08656 14.08656 25.72542 25.72542 25.72542 25.72542 25.72542 32.73037 32.73037 32.73037 32.73037 32.73037 32.73037 32.73037 26.34715 26.34715 26.34715 26.34715 26.34715 26.34715 26.34715 26.34715 40.83025 40.83025 40.83025 40.83025 40.83025
51.91148 51.91148 51.91148 38.73435 38.73435 38.73435 38.73435 38.73435 38.73435 38.73435 102.1031 102.1031 102.1031 102.1031 102.1031 102.1031 102.1031 102.1031 128.041 128.041 128.041 167.4938 167.4938 167.4938 167.4938 167.4938 167.4938 167.4938 167.4938 167.4938 5096.428 575.7197 575.7197 297.9326 297.9326 297.9326 575.7197 575.7197 575.7197 575.7197 575.7197 575.7197 14.08656 14.08656 14.08656 14.08656 14.08656 14.08656 14.08656 14.08656 25.72542 25.72542 25.72542 25.72542 25.72542 25.72542 32.73037 32.73037 32.73037 32.73037 32.73037 32.73037 32.73037 26.34715 32.73037 26.34715 26.34715 26.34715 26.34715 26.34715 40.83025 40.83025 40.83025 40.83025 40.83025 40.83025
51.91148 51.91148 38.73435 38.73435 38.73435 38.73435 38.73435 38.73435 38.73435 38.73435 102.1031 102.1031 102.1031 102.1031 102.1031 102.1031 102.1031 102.1031 128.041 128.041 167.4938 167.4938 167.4938 167.4938 167.4938 167.4938 167.4938 167.4938 167.4938 133.3946 575.7197 575.7197 575.7197 297.9326 297.9326 297.9326 575.7197 575.7197 575.7197 575.7197 25.46119 25.46119 25.46119 14.08656 25.46119 25.46119 14.08656 14.08656 14.08656 25.72542 25.72542 25.72542 25.72542 25.72542 25.72542 25.72542 32.73037 32.73037 32.73037 32.73037 32.73037 32.73037 32.73037 32.73037 32.73037 32.73037 32.73037 26.34715 26.34715 26.34715 40.83025 40.83025 40.83025 40.83025 40.83025 40.83025
51.91148 51.91148 38.73435 38.73435 38.73435 38.73435 38.73435 38.73435 38.73435 38.73435 38.73435 102.1031 102.1031 102.1031 102.1031 102.1031 102.1031 102.1031 102.1031 167.4938 167.4938 167.4938 167.4938 167.4938 167.4938 167.4938 133.3946 133.3946 133.3946 133.3946 575.7197 575.7197 575.7197 575.7197 575.7197 575.7197 575.7197 575.7197 575.7197 575.7197 25.46119 25.46119 25.46119 25.46119 25.46119 25.46119 25.46119 25.46119 25.72542 25.72542 25.72542 25.72542 25.72542 25.72542 25.72542 25.72542 32.73037 32.73037 32.73037 32.73037 32.73037 32.73037 32.73037 32.73037 32.73037 32.73037 32.73037 32.73037 32.73037 27.76735 27.76735 40.83025 40.83025 27.76735 40.83025 40.83025
51.91148 51.91148 38.73435 38.73435 38.73435 38.73435 65.34044 65.34044 38.73435 38.73435 102.1031 102.1031 102.1031 1241.327 1241.327 1241.327 102.1031 66.0972 167.4938 167.4938 167.4938 167.4938 167.4938 133.3946 133.3946 133.3946 133.3946 133.3946 133.3946 133.3946 575.7197 575.7197 575.7197 575.7197 575.7197 575.7197 575.7197 575.7197 575.7197 575.7197 25.46119 25.46119 25.46119 25.46119 25.46119 25.46119 25.46119 25.46119 25.72542 25.72542 25.72542 25.72542 25.72542 25.72542 25.72542 25.72542 25.72542 32.73037 32.73037 32.73037 32.73037 32.73037 32.73037 32.73037 32.73037 32.73037 32.73037 32.73037 32.73037 27.76735 27.76735 27.76735 27.76735 27.76735 27.76735 40.83025
84.04011 84.04011 38.73435 38.73435 38.73435 38.73435 65.34044 65.34044 65.34044 65.34044 65.34044 65.34044 543.1339 1241.327 1241.327 1241.327 102.1031 66.0972 66.0972 127.3585 127.3585 127.3585 127.3585 127.3585 133.3946 133.3946 133.3946 133.3946 133.3946 133.3946 575.7197 575.7197 575.7197 575.7197 575.7197 575.7197 575.7197 575.7197 575.7197 575.7197 25.46119 25.46119 25.46119 25.46119 25.46119 25.46119 25.46119 25.46119 25.72542 25.72542 25.72542 25.72542 25.72542 25.72542 25.72542 25.72542 32.73037 32.73037 32.73037 32.73037 32.73037 32.73037 32.73037 32.73037 32.73037 32.73037 32.73037 32.73037 32.73037 27.76735 27.76735 27.76735 27.76735 27.76735 27.76735 27.76735
84.04011 84.04011 38.73435 38.73435 38.73435 38.73435 65.34044 65.34044 65.34044 65.34044 65.34044 543.1339 543.1339 1241.327 1241.327 66.0972 66.0972 66.0972 66.0972 66.0972 127.3585 127.3585 127.3585 127.3585 133.3946 133.3946 133.3946 133.3946 133.3946 133.3946 66.67485 66.67485 575.7197 575.7197 575.7197 575.7197 575.7197 575.7197 575.7197 575.7197 25.46119 25.46119 25.46119 25.46119 25.46119 25.46119 25.46119 25.46119 54.4484 25.72542 25.72542 25.72542 25.72542 54.4484 54.4484 25.72542 32.73037 32.73037 32.73037 32.73037 32.73037 13.57117 13.57117 32.73037 32.73037 32.73037 32.73037 32.73037 27.76735 27.76735 27.76735 27.76735 27.76735 27.76735 27.76735 27.76735
84.04011 84.04011 38.73435 38.73435 38.73435 38.73435 65.34044 65.34044 65.34044 65.34044 543.1339 543.1339 543.1339 543.1339 543.1339 66.0972 66.0972 66.0972 66.0972 66.0972 127.3585 127.3585 127.3585 127.3585 133.3946 133.3946 133.3946 133.3946 133.3946 66.67485 66.67485 66.67485 575.7197 575.7197 575.7197 575.7197 575.7197 575.7197 575.7197 575.7197 25.46119 25.46119 25.46119 25.46119 25.46119 25.46119 25.46119 54.4484 54.4484 54.4484 54.4484 54.4484 54.4484 54.4484 54.4484 54.4484 13.57117 13.57117 13.57117 13.57117 13.57117 13.57117 13.57117 13.57117 32.73037 32.73037 32.73037 32.73037 27.76735 27.76735 27.76735 27.76735 27.76735 27.76735 27.76735 27.76735
84.04011 84.04011 65.34044 65.34044 65.34044 38.73435 65.34044 65.34044 65.34044 65.34044 543.1339 543.1339 543.1339 35599.95 543.1339 543.1339 66.0972 66.0972 66.0972 66.0972 127.3585 127.3585 127.3585 127.3585 133.3946 133.3946 133.3946 133.3946 133.3946 66.67485 66.67485 66.67485 66.67485 66.67485 575.7197 203.5466 203.5466 575.7197 575.7197 25.46119 25.46119 25.46119 25.46119 25.46119 25.46119 25.46119 25.46119 54.4484 54.4484 54.4484 54.4484 54.4484 54.4484 54.4484 54.4484 54.4484 54.4484 13.57117 13.57117 13.57117 13.57117 13.57117 13.57117 13.57117 13.57117 13.57117 32.73037 32.73037 27.76735 27.76735 27.76735 27.76735 27.76735 27.76735 27.76735 27.76735
84.04011 84.04011 65.34044 65.34044 65.34044 65.34044 65.34044 65.34044 65.34044 65.34044 592.1938 592.1938 592.1938 35599.95 35599.95 35599.95 66.0972 66.0972 66.0972 66.0972 127.3585 127.3585 127.3585 127.3585 133.3946 133.3946 133.3946 133.3946 66.67485 66.67485 66.67485 66.67485 66.67485 66.67485 203.5466 203.5466 203.5466 575.7197 21.0114 21.0114 25.46119 25.46119 25.46119 25.46119 25.46119 25.46119 54.4484 54.4484 54.4484 54.4484 54.4484 54.4484 54.4484 54.4484 54.4484 54.4484 54.4484 13.57117 13.57117 13.57117 13.57117 13.57117 13.57117 13.57117 13.57117 13.57117 32.73037 32.73037 27.76735 27.76735 27.76735 27.76735 27.76735 27.76735 27.76735 27.76735
84.04011 84.04011 84.04011 65.34044 65.34044 65.34044 65.34044 65.34044 65.34044 65.34044 592.1938 592.1938 592.1938 592.1938 314.0416 314.0416 66.0972 66.0972 66.0972 66.0972 127.3585 127.3585 127.3585 127.3585 25.30773 133.3946 133.3946 133.3946 66.67485 66.67485 66.67485 66.67485 66.67485 203.5466 203.5466 203.5466 203.5466 21.0114 21.0114 21.0114 25.46119 25.46119 25.46119 25.46119 25.46119 54.4484 54.4484 54.4484 54.4484 54.4484 54.4484 54.4484 54.4484 54.4484 54.4484 54.4484 13.57117 13.57117 13.57117 13.57117 13.57117 13.57117 13.57117 13.57117 13.57117 13.57117 13.57117 13.57117 27.76735 27.76735 27.76735 27.76735 27.76735 27.76735 27.76735 27.76735
84.04011 84.04011 65.34044 65.34044 65.34044 65.34044 65.34044 65.34044 65.34044 197.011 197.011 592.1938 197.011 197.011 314.0416 314.0416 314.0416 314.0416 66.0972 66.0972 64.74939 127.3585 25.30773 25.30773 25.30773 133.3946 133.3946 133.3946 133.3946 66.67485 66.67485 66.67485 66.67485 66.67485 66.67485 203.5466 203.5466 21.0114 21.0114 21.0114 25.46119 25.46119 25.46119 25.46119 21.0114 54.4484 54.4484 54.4484 54.4484 54.4484 54.4484 54.4484 54.4484 54.4484 54.4484 54.4484 13.57117 13.57117 13.57117 13.57117 13.57117 13.57117 13.57117 13.57117 13.57117 13.57117 13.57117 13.57117 27.76735 27.76735 27.76735 27.76735 27.76735 27.76735 27.76735 27.76735
