data/maps/pop.txt
ncols         643
nrows         661
xllcorner     8515.9999992024
yllcorner     47670.999937602
cellsize      1000
NODATA_value  -99
[rows 442 to 475 of 661, columns 152 to 227 of 643]
84.04011 84.04011 71.44467 65.34044 65.34044 65.34044 65.34044 65.34044 65.34044 197.011 197.011 197.011 197.011 197.011 314.0416 314.0416 314.0416 314.0416 66.0972 64.74939 64.74939 64.74939 64.74939 25.30773 25.30773 133.3946 133.3946 133.3946 133.3946 133.3946 66.67485 66.67485 66.67485 66.67485 203.5466 203.5466 203.5466 21.0114 21.0114 21.0114 21.0114 25.46119 21.0114 21.0114 21.0114 21.0114 21.0114 54.4484 54.4484 54.4484 54.4484 54.4484 54.4484 54.4484 54.4484 13.57117 13.57117 13.57117 13.57117 13.57117 13.57117 13.57117 13.57117 13.57117 13.57117 13.57117 13.57117 13.57117 27.76735 27.76735 27.76735 27.76735 27.76735 27.76735 27.76735 27.76735
84.04011 71.44467 71.44467 71.44467 65.34044 65.34044 99.57355 197.011 197.011 197.011 197.011 197.011 99.57355 197.011 197.011 314.0416 314.0416 64.74939 64.74939 64.74939 64.74939 64.74939 25.30773 25.30773 25.30773 25.30773 25.30773 25.30773 133.3946 66.67485 66.67485 66.67485 66.67485 10.56481 10.56481 203.5466 21.0114 21.0114 21.0114 21.0114 21.0114 21.0114 21.0114 21.0114 21.0114 21.0114 21.0114 54.4484 54.4484 54.4484 54.4484 54.4484 54.4484 54.4484 54.4484 54.4484 13.57117 13.4732 13.57117 13.57117 13.57117 13.57117 13.57117 13.57117 13.57117 13.57117 13.57117 13.57117 53.81507 27.76735 27.76735 27.76735 27.76735 27.76735 27.76735 39.00593
71.44467 71.44467 71.44467 71.44467 99.57355 65.34044 65.34044 99.57355 99.57355 99.57355 197.011 99.57355 99.57355 99.57355 197.011 314.0416 64.74939 64.74939 64.74939 64.74939 64.74939 64.74939 64.74939 25.30773 25.30773 25.30773 25.30773 133.3946 133.3946 25.82224 66.67485 66.67485 66.67485 10.56481 10.56481 10.56481 21.0114 21.0114 21.0114 21.0114 21.0114 21.0114 21.0114 21.0114 21.0114 21.0114 21.0114 54.4484 54.4484 54.4484 54.4484 54.4484 54.4484 54.4484 54.4484 13.4732 13.57117 13.4732 13.57117 13.57117 13.57117 13.57117 13.57117 13.57117 13.57117 13.57117 13.57117 13.57117 53.81507 53.81507 27.76735 27.76735 27.76735 27.76735 27.76735 39.00593
71.44467 71.44467 71.44467 71.44467 99.57355 99.57355 99.57355 99.57355 99.57355 99.57355 99.57355 99.57355 99.57355 85.91157 85.91157 85.91157 64.74939 64.74939 64.74939 64.74939 64.74939 64.74939 64.74939 64.74939 25.30773 25.30773 25.30773 133.3946 25.82224 25.82224 25.82224 10.56481 10.56481 10.56481 10.56481 10.56481 10.56481 10.56481 21.0114 21.0114 21.0114 21.0114 21.0114 21.0114 21.0114 21.0114 21.0114 21.0114 54.4484 54.4484 54.4484 13.4732 13.4732 13.4732 13.4732 13.4732 13.4732 13.4732 13.4732 13.57117 13.57117 13.57117 13.57117 13.57117 13.57117 13.57117 13.57117 13.57117 53.81507 53.81507 53.81507 27.76735 53.81507 39.00593 39.00593 39.00593
71.44467 71.44467 71.44467 71.44467 71.44467 99.57355 99.57355 99.57355 99.57355 99.57355 99.57355 99.57355 99.57355 99.57355 85.91157 85.91157 64.74939 64.74939 64.74939 64.74939 64.74939 64.74939 64.74939 25.30773 25.30773 25.30773 25.30773 25.30773 25.82224 25.82224 25.82224 25.82224 10.56481 10.56481 10.56481 10.56481 10.56481 10.56481 10.56481 10.56481 20.01192 21.0114 21.0114 21.0114 21.0114 21.0114 21.0114 21.0114 54.4484 54.4484 13.4732 13.4732 13.4732 13.4732 13.4732 13.4732 13.4732 13.4732 13.4732 13.4732 13.57117 13.57117 13.57117 13.57117 13.57117 13.57117 13.57117 13.57117 53.81507 53.81507 53.81507 53.81507 53.81507 39.00593 39.00593 39.00593
55.96356 71.44467 71.44467 71.44467 71.44467 71.44467 71.44467 67.37399 67.37399 39.13863 39.13863 99.57355 99.57355 85.91157 85.91157 85.91157 85.91157 64.74939 64.74939 64.74939 64.74939 64.74939 64.74939 25.30773 25.30773 25.30773 25.30773 25.30773 25.82224 25.82224 25.82224 25.82224 10.56481 10.56481 10.56481 10.56481 10.56481 10.56481 10.56481 10.56481 20.01192 20.01192 21.0114 21.0114 21.0114 21.0114 21.0114 21.0114 21.0114 24.38956 24.38956 24.38956 13.4732 13.4732 13.4732 13.4732 13.4732 13.4732 13.4732 13.4732 13.57117 13.57117 13.57117 13.57117 9.90826 9.90826 9.90826 9.90826 53.81507 53.81507 53.81507 53.81507 53.81507 39.00593 39.00593 39.00593
55.96356 71.44467 71.44467 71.44467 71.44467 71.44467 71.44467 67.37399 67.37399 39.13863 39.13863 39.13863 99.57355 85.91157 85.91157 85.91157 85.91157 64.74939 64.74939 64.74939 64.74939 64.74939 25.30773 25.30773 25.30773 25.30773 25.30773 25.82224 25.82224 25.82224 25.82224 25.82224 10.56481 10.56481 10.56481 10.56481 10.56481 19.48738 20.01192 20.01192 20.01192 20.01192 20.01192 20.01192 21.0114 21.0114 21.0114 21.0114 24.38956 24.38956 24.38956 24.38956 24.38956 13.4732 13.4732 13.4732 13.4732 13.4732 13.4732 13.4732 13.4732 13.57117 13.57117 13.57117 9.90826 9.90826 9.90826 9.90826 53.81507 53.81507 53.81507 53.81507 53.81507 53.81507 53.81507 39.00593
55.96356 71.44467 57.72561 57.72561 57.72561 71.44467 71.44467 67.37399 67.37399 39.13863 39.13863 39.13863 39.13863 85.91157 85.91157 85.91157 85.91157 64.74939 64.74939 64.74939 64.74939 25.30773 25.30773 25.30773 25.30773 25.30773 25.30773 25.30773 25.82224 25.82224 25.82224 25.82224 10.56481 10.56481 10.56481 10.56481 10.56481 19.48738 20.01192 20.01192 20.01192 20.01192 20.01192 20.01192 20.01192 20.01192 20.01192 24.38956 24.38956 24.38956 24.38956 24.38956 24.38956 24.38956 13.4732 13.4732 13.4732 13.4732 13.4732 13.4732 13.4732 13.57117 9.90826 9.90826 9.90826 9.90826 9.90826 9.90826 53.81507 53.81507 53.81507 53.81507 53.81507 53.81507 53.81507 53.81507
55.96356 71.44467 71.44467 57.72561 57.72561 57.72561 67.37399 67.37399 67.37399 67.37399 39.13863 39.13863 39.13863 39.13863 85.91157 85.91157 85.91157 64.74939 64.74939 64.74939 64.74939 25.30773 25.30773 25.30773 25.30773 25.30773 25.30773 25.30773 25.82224 25.82224 25.82224 25.82224 10.56481 10.56481 10.56481 10.56481 19.48738 19.48738 20.01192 20.01192 20.01192 20.01192 20.01192 20.01192 20.01192 20.01192 20.01192 24.38956 24.38956 24.38956 24.38956 24.38956 24.38956 24.38956 13.4732 13.4732 13.4732 13.4732 13.4732 13.4732 13.4732 9.90826 9.90826 9.90826 9.90826 9.90826 9.90826 9.90826 53.81507 53.81507 53.81507 53.81507 53.81507 53.81507 53.81507 53.81507
55.96356 57.72561 57.72561 57.72561 57.72561 57.72561 67.37399 67.37399 67.37399 67.37399 39.13863 39.13863 39.13863 85.91157 85.91157 85.91157 85.91157 85.91157 64.74939 64.74939 64.74939 25.30773 25.30773 25.30773 25.30773 25.30773 25.30773 25.30773 25.82224 25.82224 25.82224 10.56481 10.56481 10.56481 10.56481 19.48738 19.48738 19.48738 20.01192 20.01192 20.01192 20.01192 20.01192 20.01192 20.01192 20.01192 20.01192 24.38956 24.38956 24.38956 24.38956 24.38956 24.38956 24.38956 24.38956 13.4732 13.4732 13.4732 13.4732 13.4732 13.4732 9.90826 9.90826 9.90826 9.90826 9.90826 9.90826 9.90826 53.81507 53.81507 53.81507 53.81507 53.81507 53.81507 53.81507 53.81507
55.96356 57.72561 57.72561 57.72561 57.72561 57.72561 67.37399 67.37399 67.37399 67.37399 39.13863 39.13863 39.13863 39.13863 85.91157 85.91157 85.91157 85.91157 64.74939 64.74939 64.74939 25.30773 25.30773 25.30773 25.30773 25.30773 25.30773 25.30773 25.82224 25.82224 25.82224 25.82224 10.56481 10.56481 19.48738 19.48738 19.48738 19.48738 20.01192 20.01192 20.01192 20.01192 20.01192 20.01192 20.01192 20.01192 20.01192 24.38956 24.38956 24.38956 24.38956 24.38956 24.38956 24.38956 24.38956 24.38956 13.4732 23.74535 23.74535 13.4732 9.90826 9.90826 9.90826 9.90826 9.90826 9.90826 116.2437 116.2437 53.81507 53.81507 53.81507 53.81507 53.81507 74.94744 74.94744 74.94744
57.72561 57.72561 57.72561 57.72561 57.72561 57.72561 67.37399 67.37399 39.13863 67.37399 39.13863 39.13863 39.13863 39.13863 85.91157 26.67304 26.67304 26.67304 26.67304 64.74939 64.74939 25.30773 25.30773 25.30773 25.30773 25.30773 25.30773 25.82224 25.82224 25.82224 25.82224 25.82224 19.48738 19.48738 19.48738 19.48738 19.48738 19.48738 20.01192 20.01192 20.01192 20.01192 20.01192 20.01192 20.01192 20.01192 20.01192 24.38956 24.38956 24.38956 24.38956 24.38956 24.38956 24.38956 24.38956 24.38956 23.74535 23.74535 23.74535 23.74535 23.74535 9.90826 9.90826 116.2437 116.2437 116.2437 116.2437 116.2437 116.2437 53.81507 53.81507 53.81507 53.81507 53.81507 74.94744 74.94744
57.72561 57.72561 57.72561 57.72561 57.72561 39.13863 39.13863 39.13863 39.13863 39.13863 39.13863 39.13863 39.13863 39.13863 39.13863 26.67304 26.67304 26.67304 26.67304 26.67304 64.74939 64.74939 25.30773 25.30773 25.30773 25.82224 25.82224 25.82224 25.82224 25.82224 25.82224 25.82224 19.48738 19.48738 19.48738 19.48738 19.48738 19.48738 19.48738 20.01192 20.01192 20.01192 20.01192 20.01192 20.01192 20.01192 20.01192 20.01192 24.38956 24.38956 24.38956 24.38956 24.38956 24.38956 24.38956 24.38956 23.74535 23.74535 23.74535 23.74535 23.74535 23.74535 23.74535 116.2437 116.2437 116.2437 116.2437 116.2437 116.2437 116.2437 53.81507 53.81507 53.81507 53.81507 74.94744 74.94744
57.72561 57.72561 57.72561 57.72561 57.72561 57.72561 65.83093 65.83093 39.13863 39.13863 65.83093 39.13863 39.13863 39.13863 39.13863 26.67304 26.67304 26.67304 26.67304 26.67304 26.67304 64.74939 26.67304 25.82224 25.82224 25.82224 25.82224 8.39475 8.39475 8.39475 25.82224 25.82224 19.48738 19.48738 19.48738 19.48738 19.48738 19.48738 20.01192 20.01192 20.01192 20.01192 20.01192 20.01192 20.01192 20.01192 20.01192 24.38956 24.38956 24.38956 24.38956 25.06771 25.06771 23.74535 23.74535 23.74535 23.74535 23.74535 23.74535 23.74535 23.74535 23.74535 23.74535 116.2437 116.2437 116.2437 116.2437 116.2437 116.2437 116.2437 116.2437 53.81507 53.81507 74.94744 74.94744 74.94744
57.72561 57.72561 57.72561 57.72561 57.72561 65.83093 65.83093 65.83093 65.83093 65.83093 65.83093 39.13863 39.13863 39.13863 39.13863 26.67304 26.67304 26.67304 26.67304 26.67304 26.67304 26.67304 26.67304 26.67304 26.67304 26.67304 26.67304 8.39475 8.39475 8.39475 8.39475 25.82224 19.48738 19.48738 19.48738 19.48738 19.48738 19.48738 20.01192 20.01192 20.01192 20.01192 20.01192 20.01192 20.01192 23.22371 23.22371 24.38956 24.38956 24.38956 24.38956 25.06771 25.06771 25.06771 23.74535 23.74535 23.74535 23.74535 23.74535 23.74535 23.74535 23.74535 116.2437 116.2437 116.2437 116.2437 116.2437 116.2437 116.2437 116.2437 116.2437 116.2437 116.2437 74.94744 74.94744 74.94744
57.72561 57.72561 57.72561 57.72561 57.72561 65.83093 65.83093 65.83093 65.83093 65.83093 65.83093 39.13863 39.13863 39.13863 26.67304 26.67304 26.67304 26.67304 26.67304 26.67304 26.67304 26.67304 26.67304 26.67304 26.67304 26.67304 8.39475 8.39475 8.39475 8.39475 8.39475 19.48738 19.48738 19.48738 19.48738 19.48738 19.48738 19.48738 20.01192 20.01192 20.01192 20.01192 20.01192 20.01192 20.01192 23.22371 23.22371 24.38956 24.38956 24.38956 24.38956 25.06771 25.06771 25.06771 23.74535 23.74535 23.74535 23.74535 23.74535 23.74535 116.2437 116.2437 116.2437 116.2437 116.2437 116.2437 116.2437 116.2437 116.2437 116.2437 116.2437 116.2437 116.2437 116.2437 74.94744 74.94744
57.72561 57.72561 57.72561 57.72561 65.83093 65.83093 65.83093 65.83093 65.83093 65.83093 74.21823 39.13863 74.21823 74.21823 74.21823 26.67304 26.67304 26.67304 26.67304 26.67304 26.67304 26.67304 26.67304 26.67304 26.67304 26.67304 8.39475 8.39475 8.39475 8.39475 8.39475 27.7905 19.48738 19.48738 19.48738 19.48738 27.7905 27.7905 20.01192 20.01192 20.01192 20.01192 20.01192 20.01192 23.22371 23.22371 23.22371 48.5939 48.5939 24.38956 25.06771 25.06771 25.06771 25.06771 23.74535 23.74535 23.74535 23.74535 23.74535 23.74535 116.2437 116.2437 116.2437 116.2437 116.2437 116.2437 116.2437 116.2437 116.2437 116.2437 116.2437 116.2437 116.2437 116.2437 74.94744 74.94744
57.72561 57.72561 57.72561 65.83093 65.83093 65.83093 65.83093 65.83093 65.83093 65.83093 74.21823 74.21823 74.21823 74.21823 74.21823 74.21823 26.67304 26.67304 26.67304 26.67304 26.67304 26.67304 26.67304 8.39475 8.39475 8.39475 8.39475 8.39475 8.39475 8.39475 27.7905 27.7905 27.7905 19.48738 19.48738 27.7905 27.7905 27.7905 27.7905 27.7905 27.7905 27.7905 23.22371 23.22371 23.22371 23.22371 23.22371 48.5939 48.5939 48.5939 48.5939 25.06771 25.06771 25.06771 25.06771 23.74535 23.74535 23.74535 23.74535 89.04917 116.2437 116.2437 116.2437 116.2437 116.2437 116.2437 116.2437 116.2437 116.2437 116.2437 116.2437 116.2437 -99 -99 -99 116.2437
57.72561 57.72561 57.72561 65.83093 65.83093 65.83093 65.83093 74.21823 74.21823 74.21823 74.21823 74.21823 74.21823 74.21823 74.21823 74.21823 26.67304 26.67304 26.67304 26.67304 26.67304 26.67304 8.39475 8.39475 8.39475 8.39475 8.39475 8.39475 8.39475 8.39475 27.7905 27.7905 27.7905 27.7905 19.48738 27.7905 27.7905 27.7905 27.7905 27.7905 27.7905 27.7905 23.22371 23.22371 23.22371 23.22371 23.22371 48.5939 48.5939 48.5939 48.5939 25.06771 25.06771 25.06771 25.06771 25.06771 25.06771 25.06771 25.06771 89.04917 89.04917 89.04917 89.04917 89.04917 89.04917 116.2437 116.2437 116.2437 116.2437 116.2437 116.2437 116.2437 116.2437 116.2437 116.2437 -99
44.58218 57.72561 65.83093 65.83093 65.83093 64.55784 64.55784 64.55784 135.0681 135.0681 135.0681 74.21823 74.21823 74.21823 74.21823 74.21823 135.0681 26.67304 26.67304 26.67304 26.67304 26.67304 8.39475 8.39475 8.39475 8.39475 8.39475 8.39475 8.39475 8.39475 8.39475 27.7905 27.7905 27.7905 27.7905 27.7905 27.7905 27.7905 27.7905 27.7905 27.7905 23.22371 23.22371 23.22371 23.22371 23.22371 23.22371 48.5939 48.5939 48.5939 48.5939 48.5939 25.06771 25.06771 25.06771 25.06771 25.06771 25.06771 25.06771 89.04917 89.04917 89.04917 89.04917 89.04917 89.04917 89.04917 116.2437 116.2437 116.2437 67.23325 67.23325 67.23325 116.2437 116.2437 116.2437 -99
44.58218 44.58218 65.83093 64.55784 64.55784 64.55784 64.55784 64.55784 135.0681 135.0681 135.0681 135.0681 135.0681 135.0681 135.0681 135.0681 135.0681 135.0681 135.0681 135.0681 135.0681 8.39475 8.39475 8.39475 8.39475 8.39475 8.39475 8.39475 8.39475 8.39475 8.39475 27.7905 27.7905 27.7905 27.7905 27.7905 27.7905 27.7905 27.7905 27.7905 27.7905 23.22371 23.22371 23.22371 23.22371 23.22371 23.22371 48.5939 48.5939 48.5939 48.5939 48.5939 25.06771 25.06771 25.06771 25.06771 25.06771 25.06771 25.06771 89.04917 89.04917 89.04917 89.04917 89.04917 89.04917 89.04917 67.23325 67.23325 67.23325 67.23325 67.23325 67.23325 67.23325 116.2437 116.2437 116.2437
44.58218 44.58218 64.55784 64.55784 64.55784 64.55784 64.55784 64.55784 135.0681 135.0681 135.0681 135.0681 135.0681 135.0681 135.0681 135.0681 135.0681 135.0681 135.0681 135.0681 135.0681 8.39475 8.39475 8.39475 8.39475 8.39475 8.39475 8.39475 8.39475 8.39475 8.39475 8.39475 27.7905 27.7905 27.7905 27.7905 27.7905 27.7905 27.7905 27.7905 27.7905 23.22371 23.22371 23.22371 23.22371 23.22371 23.22371 48.5939 48.5939 48.5939 48.5939 25.06771 25.06771 25.06771 25.06771 25.06771 25.06771 89.04917 89.04917 89.04917 89.04917 89.04917 89.04917 89.04917 89.04917 67.23325 67.23325 67.23325 67.23325 67.23325 67.23325 67.23325 67.23325 67.23325 67.23325 116.2437
44.58218 44.58218 64.55784 64.55784 64.55784 64.55784 64.55784 64.55784 64.55784 64.55784 135.0681 135.0681 135.0681 135.0681 135.0681 135.0681 135.0681 135.0681 135.0681 135.0681 135.0681 8.39475 8.39475 8.39475 8.39475 8.39475 8.39475 8.39475 8.39475 8.39475 8.39475 8.39475 27.7905 27.7905 27.7905 27.7905 27.7905 27.7905 27.7905 27.7905 27.7905 23.22371 23.22371 23.22371 23.22371 23.22371 23.22371 180.677 180.677 48.5939 48.5939 25.06771 25.06771 51.80868 51.80868 25.06771 51.80868 89.04917 89.04917 89.04917 89.04917 89.04917 89.04917 89.04917 67.26025 67.23325 67.23325 67.23325 67.23325 67.23325 67.23325 67.23325 67.23325 67.23325 67.23325 -99
44.58218 44.58218 64.55784 64.55784 64.55784 64.55784 64.55784 64.55784 64.55784 64.55784 135.0681 135.0681 135.0681 135.0681 135.0681 135.0681 135.0681 135.0681 21.75953 21.75953 135.0681 8.39475 8.39475 8.39475 8.39475 8.39475 8.39475 8.39475 8.39475 8.39475 8.39475 8.39475 27.7905 27.7905 27.7905 27.7905 27.7905 27.7905 26.8202 26.8202 26.8202 23.22371 23.22371 23.22371 23.22371 180.677 180.677 180.677 180.677 48.5939 48.5939 51.80868 51.80868 51.80868 51.80868 51.80868 51.80868 51.80868 89.04917 89.04917 89.04917 89.04917 67.26025 67.26025 67.26025 67.26025 67.23325 67.23325 67.23325 67.23325 67.23325 67.23325 67.23325 67.23325 67.23325 -99
44.58218 44.58218 44.58218 64.55784 64.55784 64.55784 64.55784 64.55784 64.55784 64.55784 135.0681 135.0681 135.0681 135.0681 135.0681 135.0681 135.0681 135.0681 21.75953 21.75953 21.75953 21.75953 21.75953 8.39475 8.39475 8.39475 8.39475 8.39475 8.39475 8.39475 8.39475 35.70767 27.7905 27.7905 27.7905 27.7905 27.7905 26.8202 26.8202 26.8202 26.8202 26.8202 23.22371 23.22371 23.22371 180.677 180.677 180.677 180.677 48.5939 48.5939 51.80868 51.80868 51.80868 51.80868 51.80868 51.80868 51.80868 89.04917 89.04917 89.04917 -99 67.26025 67.26025 67.26025 67.26025 67.26025 67.26025 67.26025 67.26025 67.23325 67.23325 61.89257 61.89257 61.89257 61.89257
44.58218 44.58218 44.58218 64.55784 64.55784 64.55784 64.55784 64.55784 64.55784 64.55784 135.0681 135.0681 50.9082 135.0681 135.0681 135.0681 135.0681 21.75953 21.75953 21.75953 21.75953 21.75953 21.75953 8.39475 8.39475 8.39475 8.39475 8.39475 8.39475 8.39475 35.70767 35.70767 35.70767 35.70767 27.7905 27.7905 27.7905 26.8202 26.8202 26.8202 26.8202 180.677 180.677 23.22371 23.22371 180.677 180.677 180.677 180.677 180.677 48.5939 51.80868 51.80868 51.80868 51.80868 51.80868 51.80868 51.80868 51.80868 51.80868 89.04917 -99 67.26025 67.26025 67.26025 67.26025 67.26025 67.26025 67.26025 67.26025 61.89257 61.89257 61.89257 61.89257 61.89257 61.89257
44.58218 44.58218 44.58218 44.58218 64.55784 64.55784 64.55784 64.55784 64.55784 64.55784 64.55784 50.9082 50.9082 50.9082 50.9082 50.9082 42.76043 21.75953 21.75953 21.75953 21.75953 21.75953 21.75953 8.39475 8.39475 8.39475 8.39475 8.39475 8.39475 35.70767 35.70767 35.70767 35.70767 35.70767 26.8202 26.8202 26.8202 26.8202 26.8202 26.8202 26.8202 180.677 180.677 180.677 180.677 180.677 180.677 180.677 180.677 180.677 51.80868 51.80868 51.80868 51.80868 51.80868 51.80868 51.80868 51.80868 51.80868 51.80868 -99 -99 67.26025 67.26025 67.26025 67.26025 67.26025 67.26025 67.26025 67.26025 61.89257 61.89257 61.89257 61.89257 61.89257 -99
44.58218 44.58218 44.58218 44.58218 44.58218 55.38925 64.55784 64.55784 64.55784 64.55784 50.9082 50.9082 50.9082 50.9082 50.9082 42.76043 42.76043 21.75953 21.75953 21.75953 21.75953 21.75953 21.75953 8.39475 8.39475 8.39475 8.39475 8.39475 8.39475 35.70767 35.70767 35.70767 35.70767 26.8202 26.8202 26.8202 26.8202 26.8202 26.8202 26.8202 26.8202 180.677 180.677 180.677 180.677 180.677 180.677 180.677 180.677 180.677 51.80868 51.80868 51.80868 51.80868 51.80868 51.80868 51.80868 51.80868 51.80868 -99 -99 -99 -99 67.26025 67.26025 67.26025 67.26025 -99 -99 61.89257 61.89257 61.89257 61.89257 61.89257 -99 -99
44.58218 44.58218 44.58218 44.58218 55.38925 55.38925 55.38925 55.38925 50.9082 50.9082 50.9082 50.9082 50.9082 50.9082 50.9082 42.76043 42.76043 42.76043 21.75953 21.75953 21.75953 62.89375 62.89375 62.89375 8.39475 8.39475 8.39475 8.39475 8.39475 35.70767 35.70767 35.70767 35.70767 35.70767 26.8202 26.8202 26.8202 26.8202 26.8202 26.8202 26.8202 28.36431 180.677 180.677 180.677 180.677 180.677 180.677 180.677 180.677 51.80868 51.80868 51.80868 51.80868 51.80868 51.80868 51.80868 51.80868 51.80868 -99 -99 -99 -99 67.26025 -99 67.26025 67.26025 -99 -99 61.89257 61.89257 61.89257 61.89257 61.89257 -99 -99
55.38925 55.38925 55.38925 55.38925 55.38925 55.38925 55.38925 55.38925 55.38925 50.9082 50.9082 50.9082 50.9082 50.9082 50.9082 42.76043 42.76043 42.76043 42.76043 42.76043 62.89375 62.89375 62.89375 62.89375 62.89375 8.39475 8.39475 8.39475 8.39475 35.70767 35.70767 35.70767 35.70767 35.70767 26.8202 26.8202 26.8202 26.8202 26.8202 26.8202 28.36431 28.36431 28.36431 180.677 180.677 180.677 180.677 180.677 180.677 53.37926 53.37926 51.80868 51.80868 51.80868 51.80868 51.80868 51.80868 51.80868 51.80868 -99 -99 -99 -99 -99 -99 -99 -99 -99 -99 -99 61.89257 61.89257 61.89257 61.89257 -99 -99
71.8298 71.8298 71.8298 55.38925 55.38925 55.38925 55.38925 55.38925 55.38925 55.38925 50.9082 50.9082 50.9082 50.9082 42.76043 42.76043 42.76043 42.76043 42.76043 42.76043 62.89375 62.89375 62.89375 62.89375 62.89375 62.89375 8.39475 8.39475 35.70767 35.70767 35.70767 35.70767 35.70767 35.70767 26.8202 26.8202 26.8202 26.8202 28.36431 28.36431 28.36431 28.36431 28.36431 28.36431 28.36431 28.36431 180.677 180.677 53.37926 53.37926 53.37926 53.37926 51.80868 51.80868 51.80868 51.80868 51.80868 51.80868 -99 -99 -99 -99 -99 -99 -99 -99 -99 -99 -99 -99 61.89257 61.89257 61.89257 61.89257 76.03263 -99
71.8298 71.8298 71.8298 71.8298 55.38925 55.38925 55.38925 55.38925 55.38925 55.38925 50.9082 50.9082 50.9082 50.9082 50.9082 42.76043 42.76043 42.76043 42.76043 42.76043 62.89375 42.76043 62.89375 62.89375 62.89375 62.89375 234.9801 234.9801 35.70767 35.70767 35.70767 35.70767 234.9801 35.70767 234.9801 234.9801 26.8202 28.36431 28.36431 28.36431 28.36431 28.36431 28.36431 28.36431 28.36431 28.36431 53.37926 53.37926 53.37926 53.37926 53.37926 53.37926 53.37926 53.37926 53.37926 51.80868 51.80868 51.80868 -99 -99 -99 -99 51.32246 51.32246 51.32246 -99 -99 -99 -99 -99 -99 61.89257 61.89257 61.89257 61.89257 76.03263
71.8298 71.8298 71.8298 71.8298 55.38925 55.38925 55.38925 55.38925 55.38925 55.38925 50.9082 50.9082 50.9082 50.9082 50.9082 50.9082 42.76043 42.76043 42.76043 42.76043 42.76043 42.76043 42.76043 62.89375 62.89375 62.89375 234.9801 234.9801 35.70767 35.70767 234.9801 234.9801 234.9801 234.9801 234.9801 234.9801 234.9801 28.36431 28.36431 28.36431 28.36431 28.36431 28.36431 28.36431 28.36431 28.36431 53.37926 53.37926 53.37926 53.37926 53.37926 -99 53.37926 53.37926 53.37926 53.37926 51.80868 -99 -99 -99 -99 -99 51.32246 51.32246 51.32246 -99 -99 -99 -99 -99 76.03263 76.03263 61.89257 61.89257 76.03263 76.03263
71.8298 71.8298 71.8298 71.8298 55.38925 55.38925 55.38925 55.38925 26.1285 50.9082 50.9082 50.9082 50.9082 50.9082 50.9082 50.9082 50.9082 42.76043 42.76043 42.76043 42.76043 42.76043 42.76043 62.89375 62.89375 62.89375 234.9801 234.9801 234.9801 234.9801 234.9801 234.9801 234.9801 234.9801 234.9801 234.9801 234.9801 234.9801 28.36431 28.36431 28.36431 28.36431 28.36431 28.36431 53.37926 53.37926 53.37926 53.37926 53.37926 53.37926 -99 -99 -99 -99 53.37926 -99 -99 -99 -99 -99 -99 51.32246 51.32246 51.32246 51.32246 51.32246 -99 -99 -99 76.03263 76.03263 76.03263 76.03263 76.03263 76.03263 76.03263
