data/maps/pop.txt
ncols         643
nrows         661
xllcorner     8515.9999992024
yllcorner     47670.999937602
cellsize      1000
NODATA_value  -99
[rows 102 to 135 of 661, columns 304 to 379 of 643]
26.82929 26.82929 26.82929 26.82929 26.82929 26.82929 26.82929 26.82929 26.82929 26.82929 26.82929 26.82929 26.82929 16.78955 16.78955 16.78955 16.78955 16.78955 16.78955 10.32973 10.32973 10.32973 10.32973 10.32973 10.32973 10.32973 10.32973 10.32973 10.32973 44.57688 44.57688 44.57688 44.57688 44.57688 44.57688 44.57688 44.57688 -99 -99 -99 -99 -99 -99 -99 -99 -99 -99 -99 -99 -99 -99 -99 -99 -99 -99 -99 -99 -99 -99 -99 -99 -99 -99 -99 -99 -99 -99 -99 -99 -99 -99 -99 -99 -99 -99 -99
26.82929 26.82929 26.82929 26.82929 26.82929 26.82929 26.82929 26.82929 26.82929 26.82929 26.82929 26.82929 26.82929 16.78955 16.78955 16.78955 16.78955 16.78955 16.78955 10.32973 10.32973 10.32973 10.32973 10.32973 10.32973 10.32973 10.32973 10.32973 10.32973 44.57688 44.57688 44.57688 44.57688 44.57688 44.57688 44.57688 15.12663 15.12663 -99 -99 -99 -99 -99 -99 -99 -99 -99 -99 -99 -99 -99 -99 -99 -99 -99 -99 -99 -99 -99 -99 -99 -99 -99 -99 -99 -99 -99 -99 -99 -99 -99 -99 -99 -99 -99 -99
26.82929 26.82929 26.82929 26.82929 26.82929 26.82929 26.82929 26.82929 26.82929 26.82929 26.82929 26.82929 26.82929 26.82929 16.78955 16.78955 16.78955 16.78955 16.78955 10.32973 10.32973 10.32973 10.32973 10.32973 10.32973 10.32973 10.32973 10.32973 10.32973 44.57688 44.57688 44.57688 44.57688 44.57688 15.12663 15.12663 15.12663 15.12663 15.12663 15.12663 -99 -99 -99 -99 -99 -99 -99 -99 -99 -99 -99 -99 -99 -99 -99 -99 -99 -99 -99 -99 -99 -99 -99 -99 -99 -99 -99 -99 -99 -99 -99 -99 -99 -99 -99 -99
26.82929 26.82929 16.78955 16.78955 16.78955 16.78955 16.78955 26.82929 26.82929 26.82929 26.82929 26.82929 26.82929 26.82929 16.78955 16.78955 16.78955 16.78955 16.78955 16.78955 10.32973 10.32973 10.32973 10.32973 10.32973 10.32973 10.32973 10.32973 10.32973 10.32973 44.57688 44.57688 44.57688 44.57688 15.12663 15.12663 15.12663 15.12663 15.12663 15.12663 -99 -99 -99 -99 -99 -99 -99 -99 -99 -99 -99 -99 -99 -99 -99 -99 -99 -99 -99 -99 -99 -99 -99 -99 -99 -99 -99 -99 -99 -99 -99 -99 -99 -99 -99 -99
16.78955 16.78955 16.78955 16.78955 16.78955 16.78955 16.78955 26.82929 26.82929 26.82929 26.82929 26.82929 26.82929 16.78955 16.78955 16.78955 16.78955 16.78955 16.78955 16.78955 10.32973 10.32973 10.32973 10.32973 10.32973 10.32973 10.32973 10.32973 10.32973 15.12663 15.12663 44.57688 15.12663 15.12663 15.12663 15.12663 15.12663 15.12663 15.12663 15.12663 -99 -99 -99 -99 -99 -99 -99 -99 -99 -99 -99 -99 -99 -99 -99 -99 -99 -99 -99 -99 -99 -99 -99 -99 -99 -99 -99 -99 -99 -99 -99 -99 -99 -99 -99 -99
16.78955 16.78955 16.78955 16.78955 16.78955 16.78955 16.78955 16.78955 16.78955 16.78955 16.78955 16.78955 16.78955 16.78955 16.78955 16.78955 16.78955 16.78955 16.78955 16.78955 10.32973 10.32973 10.32973 10.32973 10.32973 10.32973 10.32973 10.32973 10.32973 15.12663 15.12663 15.12663 15.12663 15.12663 15.12663 15.12663 15.12663 15.12663 15.12663 15.12663 15.12663 -99 -99 -99 -99 -99 -99 -99 -99 -99 -99 -99 -99 -99 -99 -99 -99 -99 -99 -99 -99 -99 -99 -99 -99 -99 -99 -99 -99 -99 -99 -99 -99 -99 -99 -99
16.78955 16.78955 16.78955 16.78955 16.78955 16.78955 16.78955 16.78955 16.78955 16.78955 16.78955 16.78955 16.78955 16.78955 16.78955 16.78955 16.78955 16.78955 16.78955 10.32973 10.32973 10.32973 10.32973 10.32973 10.32973 10.32973 10.32973 10.32973 10.32973 15.12663 15.12663 15.12663 15.12663 15.12663 15.12663 15.12663 15.12663 15.12663 15.12663 15.12663 43.27146 43.27146 -99 -99 -99 -99 -99 -99 -99 -99 -99 -99 -99 -99 -99 -99 -99 -99 -99 -99 -99 -99 -99 -99 -99 -99 -99 -99 -99 -99 -99 -99 -99 -99 -99 -99
16.78955 16.78955 16.78955 16.78955 16.78955 16.78955 16.78955 16.78955 16.78955 16.78955 16.78955 16.78955 16.78955 16.78955 16.78955 16.78955 16.78955 16.78955 16.78955 10.32973 10.32973 10.32973 10.32973 10.32973 10.32973 10.32973 10.32973 10.32973 15.12663 15.12663 15.12663 15.12663 15.12663 15.12663 15.12663 15.12663 15.12663 15.12663 15.12663 43.27146 43.27146 43.27146 -99 -99 -99 -99 -99 -99 -99 -99 -99 -99 -99 -99 -99 -99 -99 -99 -99 -99 -99 -99 -99 -99 -99 -99 -99 -99 -99 -99 -99 -99 -99 -99 -99 -99
16.78955 16.78955 16.78955 16.78955 16.78955 16.78955 16.78955 16.78955 16.78955 16.78955 16.78955 16.78955 16.78955 16.78955 16.78955 16.78955 16.78955 16.78955 16.78955 10.32973 10.32973 10.32973 10.32973 10.32973 10.32973 10.32973 10.32973 15.12663 15.12663 15.12663 15.12663 15.12663 15.12663 15.12663 15.12663 15.12663 15.12663 43.27146 43.27146 43.27146 43.27146 43.27146 43.27146 -99 -99 -99 -99 -99 -99 -99 -99 -99 -99 -99 -99 -99 -99 -99 -99 -99 -99 -99 -99 -99 -99 -99 -99 -99 -99 -99 -99 -99 -99 -99 -99 -99
16.78955 16.78955 16.78955 16.78955 16.78955 16.78955 16.78955 16.78955 16.78955 16.78955 16.78955 16.78955 16.78955 16.78955 16.78955 16.78955 16.78955 16.78955 10.32973 10.32973 10.32973 10.32973 10.32973 10.32973 10.32973 10.32973 10.32973 15.12663 15.12663 15.12663 15.12663 15.12663 15.12663 15.12663 15.12663 15.12663 15.12663 43.27146 43.27146 43.27146 43.27146 43.27146 43.27146 -99 -99 -99 -99 -99 -99 -99 -99 -99 -99 -99 -99 -99 -99 -99 -99 -99 -99 -99 -99 -99 -99 -99 -99 -99 -99 -99 -99 -99 -99 -99 -99 -99
16.78955 16.78955 16.78955 16.78955 16.78955 16.78955 16.78955 16.78955 16.78955 16.78955 16.78955 16.78955 16.78955 16.78955 16.78955 16.78955 16.78955 10.32973 10.32973 10.32973 10.32973 10.32973 10.32973 10.32973 10.32973 10.32973 10.32973 15.12663 15.12663 15.12663 15.12663 15.12663 15.12663 15.12663 15.12663 15.12663 43.27146 43.27146 43.27146 43.27146 43.27146 43.27146 43.27146 43.27146 -99 -99 -99 -99 -99 -99 -99 -99 -99 -99 -99 -99 -99 -99 -99 -99 -99 -99 -99 -99 -99 -99 -99 -99 -99 -99 -99 -99 -99 -99 -99 -99
16.78955 16.78955 16.78955 16.78955 16.78955 16.78955 16.78955 16.78955 16.78955 16.78955 16.78955 16.78955 16.78955 16.78955 16.78955 16.78955 10.32973 10.32973 10.32973 10.32973 10.32973 10.32973 10.32973 10.32973 10.32973 10.32973 15.12663 15.12663 15.12663 15.12663 15.12663 15.12663 15.12663 15.12663 15.12663 15.12663 43.27146 43.27146 43.27146 43.27146 43.27146 43.27146 43.27146 43.27146 43.27146 -99 -99 -99 -99 -99 -99 -99 -99 -99 -99 -99 -99 -99 -99 -99 -99 -99 -99 -99 -99 -99 -99 -99 -99 -99 -99 -99 -99 -99 -99 -99
16.78955 16.78955 16.78955 16.78955 16.78955 16.78955 16.78955 16.78955 16.78955 16.78955 16.78955 16.78955 16.78955 16.78955 16.78955 16.78955 10.32973 10.32973 10.32973 10.32973 10.32973 10.32973 10.32973 10.32973 10.32973 10.32973 15.12663 15.12663 15.12663 15.12663 15.12663 15.12663 15.12663 15.12663 15.12663 15.12663 15.12663 43.27146 43.27146 43.27146 43.27146 43.27146 43.27146 43.27146 43.27146 -99 -99 -99 -99 -99 -99 -99 -99 -99 -99 -99 -99 -99 -99 -99 -99 -99 -99 -99 -99 -99 -99 -99 -99 -99 -99 -99 -99 -99 -99 -99
7.75559 16.78955 16.78955 16.78955 16.78955 16.78955 16.78955 16.78955 16.78955 16.78955 16.78955 16.78955 16.78955 16.78955 16.78955 16.78955 16.78955 10.32973 10.32973 10.32973 10.32973 10.32973 10.32973 10.32973 10.32973 10.32973 15.12663 15.12663 15.12663 15.12663 15.12663 15.12663 15.12663 15.12663 15.12663 15.12663 15.12663 43.27146 43.27146 43.27146 43.27146 43.27146 43.27146 43.27146 43.27146 43.27146 -99 -99 -99 -99 -99 -99 -99 -99 -99 -99 -99 -99 -99 -99 -99 -99 -99 -99 -99 -99 -99 -99 -99 -99 -99 -99 -99 -99 -99 -99
7.75559 7.75559 7.75559 7.75559 7.75559 16.78955 16.78955 16.78955 16.78955 16.78955 16.78955 16.78955 16.78955 16.78955 16.78955 16.78955 16.78955 10.32973 10.32973 10.32973 10.32973 10.32973 10.32973 10.32973 10.32973 15.12663 15.12663 15.12663 15.12663 15.12663 15.12663 15.12663 15.12663 15.12663 15.12663 15.12663 43.27146 43.27146 43.27146 43.27146 43.27146 43.27146 43.27146 43.27146 289.6812 43.27146 289.6812 -99 -99 -99 -99 -99 -99 -99 -99 -99 -99 -99 -99 -99 -99 -99 -99 -99 -99 -99 -99 -99 -99 -99 -99 -99 -99 -99 -99 -99
7.75559 7.75559 7.75559 7.75559 7.75559 7.75559 16.78955 16.78955 16.78955 16.78955 16.78955 16.78955 16.78955 16.78955 16.78955 16.78955 16.78955 10.32973 10.32973 10.32973 10.32973 10.32973 10.32973 10.32973 10.32973 10.32973 15.12663 15.12663 15.12663 15.12663 15.12663 15.12663 15.12663 15.12663 15.12663 15.12663 43.27146 43.27146 43.27146 43.27146 43.27146 289.6812 289.6812 289.6812 289.6812 289.6812 289.6812 289.6812 -99 -99 -99 -99 -99 -99 -99 -99 -99 -99 -99 -99 -99 -99 -99 -99 -99 -99 -99 -99 -99 -99 -99 -99 -99 -99 -99 -99
7.75559 7.75559 7.75559 7.75559 7.75559 7.75559 7.75559 16.78955 16.78955 16.78955 16.78955 16.78955 16.78955 16.78955 16.78955 16.78955 16.78955 10.32973 10.32973 10.32973 10.32973 10.32973 10.32973 10.32973 10.32973 10.32973 15.12663 15.12663 15.12663 15.12663 15.12663 15.12663 15.12663 15.12663 15.12663 15.12663 43.27146 289.6812 289.6812 289.6812 289.6812 289.6812 289.6812 289.6812 289.6812 289.6812 289.6812 289.6812 289.6812 -99 -99 -99 -99 -99 -99 -99 -99 -99 -99 -99 -99 -99 -99 -99 -99 -99 -99 -99 -99 -99 -99 -99 -99 -99 -99 -99
7.75559 7.75559 7.75559 7.75559 7.75559 7.75559 7.75559 7.75559 16.78955 16.78955 16.78955 16.78955 16.78955 16.78955 16.78955 16.78955 16.78955 16.78955 10.32973 10.32973 10.32973 10.32973 6.72141 10.32973 10.32973 10.32973 15.12663 15.12663 15.12663 15.12663 15.12663 30.64647 30.64647 30.64647 15.12663 289.6812 289.6812 289.6812 289.6812 289.6812 289.6812 289.6812 289.6812 289.6812 289.6812 289.6812 289.6812 289.6812 289.6812 -99 -99 -99 -99 -99 -99 -99 -99 -99 -99 -99 -99 -99 -99 -99 -99 -99 -99 -99 -99 -99 -99 -99 -99 -99 -99 -99
7.75559 7.75559 7.75559 7.75559 7.75559 7.75559 7.75559 7.75559 7.75559 7.75559 7.75559 7.75559 16.78955 16.78955 16.78955 16.78955 6.72141 6.72141 6.72141 6.72141 10.32973 6.72141 6.72141 6.72141 10.32973 10.32973 15.12663 15.12663 15.12663 15.12663 30.64647 30.64647 30.64647 30.64647 289.6812 289.6812 289.6812 289.6812 289.6812 289.6812 289.6812 289.6812 289.6812 289.6812 289.6812 289.6812 289.6812 289.6812 289.6812 -99 -99 -99 -99 -99 -99 -99 -99 -99 -99 -99 -99 -99 -99 -99 -99 -99 -99 -99 -99 -99 -99 -99 -99 -99 -99 -99
7.75559 7.75559 7.75559 7.75559 7.75559 7.75559 7.75559 7.75559 7.75559 7.75559 7.75559 7.75559 6.72141 16.78955 16.78955 6.72141 6.72141 6.72141 6.72141 6.72141 6.72141 6.72141 6.72141 6.72141 6.72141 6.72141 15.12663 15.12663 15.12663 30.64647 30.64647 30.64647 30.64647 30.64647 30.64647 30.64647 30.64647 30.64647 30.64647 30.64647 30.64647 30.64647 289.6812 289.6812 289.6812 289.6812 289.6812 289.6812 30.64647 30.64647 -99 -99 -99 -99 -99 -99 -99 -99 -99 -99 -99 -99 -99 -99 -99 -99 -99 -99 -99 -99 -99 -99 -99 -99 -99 -99
6.72141 6.72141 7.75559 7.75559 7.75559 7.75559 7.75559 7.75559 7.75559 7.75559 7.75559 6.72141 6.72141 6.72141 6.72141 6.72141 6.72141 6.72141 6.72141 6.72141 6.72141 6.72141 6.72141 6.72141 6.72141 6.72141 6.72141 30.64647 30.64647 30.64647 30.64647 30.64647 30.64647 30.64647 30.64647 30.64647 30.64647 30.64647 30.64647 30.64647 30.64647 30.64647 30.64647 30.64647 289.6812 30.64647 30.64647 30.64647 30.64647 30.64647 30.64647 -99 -99 -99 -99 -99 -99 -99 -99 -99 -99 -99 -99 -99 -99 -99 -99 -99 -99 -99 -99 -99 -99 -99 -99 -99
6.72141 6.72141 7.75559 7.75559 7.75559 7.75559 7.75559 7.75559 7.75559 6.72141 6.72141 6.72141 6.72141 6.72141 6.72141 6.72141 6.72141 6.72141 6.72141 6.72141 6.72141 6.72141 6.72141 6.72141 6.72141 6.72141 6.72141 30.64647 30.64647 30.64647 30.64647 30.64647 30.64647 30.64647 30.64647 30.64647 30.64647 30.64647 30.64647 30.64647 30.64647 30.64647 30.64647 30.64647 30.64647 30.64647 30.64647 30.64647 30.64647 30.64647 30.64647 54.70018 -99 -99 -99 -99 -99 -99 -99 -99 -99 -99 -99 -99 -99 -99 -99 -99 -99 -99 -99 -99 -99 -99 -99 -99
6.72141 6.72141 7.75559 7.75559 7.75559 7.75559 7.75559 7.75559 6.72141 6.72141 6.72141 6.72141 6.72141 6.72141 6.72141 6.72141 6.72141 6.72141 6.72141 6.72141 6.72141 6.72141 6.72141 6.72141 6.72141 6.72141 6.72141 30.64647 30.64647 30.64647 30.64647 30.64647 30.64647 30.64647 30.64647 30.64647 30.64647 30.64647 30.64647 30.64647 30.64647 30.64647 30.64647 30.64647 30.64647 30.64647 30.64647 54.70018 54.70018 54.70018 54.70018 54.70018 54.70018 -99 -99 -99 -99 -99 -99 -99 -99 -99 -99 -99 -99 -99 -99 -99 -99 -99 -99 -99 -99 -99 -99 -99
6.72141 6.72141 6.72141 7.75559 7.75559 7.75559 7.75559 7.75559 6.72141 6.72141 6.72141 6.72141 6.72141 6.72141 6.72141 6.72141 6.72141 6.72141 6.72141 6.72141 6.72141 6.72141 6.72141 6.72141 6.72141 6.72141 6.72141 30.64647 30.64647 30.64647 30.64647 30.64647 30.64647 30.64647 30.64647 30.64647 30.64647 30.64647 30.64647 30.64647 30.64647 30.64647 30.64647 30.64647 30.64647 30.64647 54.70018 54.70018 54.70018 54.70018 54.70018 54.70018 54.70018 -99 -99 -99 -99 -99 -99 -99 -99 -99 -99 -99 -99 -99 -99 -99 -99 -99 -99 -99 -99 -99 -99 -99
6.72141 6.72141 6.72141 6.72141 6.72141 7.75559 6.72141 6.72141 6.72141 6.72141 6.72141 6.72141 6.72141 6.72141 6.72141 6.72141 6.72141 6.72141 6.72141 6.72141 6.72141 6.72141 6.72141 6.72141 6.72141 6.72141 6.72141 30.64647 30.64647 30.64647 30.64647 30.64647 30.64647 30.64647 30.64647 30.64647 30.64647 30.64647 30.64647 30.64647 30.64647 30.64647 30.64647 30.64647 30.64647 54.70018 54.70018 54.70018 54.70018 54.70018 54.70018 54.70018 54.70018 54.70018 -99 -99 -99 -99 -99 -99 -99 -99 -99 -99 -99 -99 -99 -99 -99 -99 -99 -99 -99 -99 -99 -99
6.72141 6.72141 6.72141 6.72141 6.72141 6.72141 6.72141 6.72141 6.72141 6.72141 6.72141 6.72141 6.72141 6.72141 6.72141 6.72141 6.72141 6.72141 6.72141 6.72141 6.72141 6.72141 6.72141 6.72141 6.72141 6.72141 24.37685 30.64647 30.64647 30.64647 30.64647 30.64647 30.64647 30.64647 30.64647 30.64647 30.64647 30.64647 30.64647 30.64647 30.64647 30.64647 30.64647 30.64647 30.64647 54.70018 54.70018 54.70018 54.70018 54.70018 54.70018 54.70018 54.70018 298.4194 298.4194 -99 -99 -99 -99 -99 -99 -99 -99 -99 -99 -99 -99 -99 -99 -99 -99 -99 -99 -99 -99 -99
6.72141 6.72141 6.72141 6.72141 6.72141 6.72141 6.72141 6.72141 6.72141 6.72141 6.72141 6.72141 6.72141 6.72141 6.72141 6.72141 6.72141 6.72141 6.72141 6.72141 6.72141 6.72141 6.72141 6.72141 24.37685 6.72141 24.37685 24.37685 30.64647 30.64647 30.64647 30.64647 30.64647 30.64647 30.64647 30.64647 30.64647 30.64647 30.64647 30.64647 30.64647 30.64647 30.64647 30.64647 30.64647 54.70018 54.70018 54.70018 54.70018 54.70018 54.70018 54.70018 298.4194 298.4194 298.4194 298.4194 -99 -99 -99 -99 -99 -99 -99 -99 -99 -99 -99 -99 -99 -99 -99 -99 -99 -99 -99 -99
6.72141 6.72141 6.72141 6.72141 6.72141 6.72141 6.72141 6.72141 6.72141 6.72141 6.72141 6.72141 6.72141 6.72141 6.72141 6.72141 6.72141 6.72141 6.72141 6.72141 6.72141 6.72141 6.72141 24.37685 24.37685 24.37685 24.37685 24.37685 30.64647 30.64647 30.64647 30.64647 30.64647 30.64647 30.64647 30.64647 30.64647 30.64647 30.64647 30.64647 30.64647 30.64647 30.64647 30.64647 54.70018 54.70018 54.70018 54.70018 54.70018 54.70018 298.4194 298.4194 298.4194 298.4194 298.4194 2677.864 2677.864 -99 -99 -99 -99 -99 -99 -99 -99 -99 -99 -99 -99 -99 -99 -99 -99 -99 -99 -99
6.72141 6.72141 6.72141 6.72141 6.72141 6.72141 6.72141 6.72141 6.72141 6.72141 6.72141 6.72141 6.72141 6.72141 6.72141 6.72141 6.72141 6.72141 6.72141 6.72141 6.72141 6.72141 6.72141 24.37685 24.37685 24.37685 24.37685 24.37685 30.64647 30.64647 30.64647 30.64647 30.64647 30.64647 30.64647 30.64647 30.64647 30.64647 30.64647 30.64647 30.64647 30.64647 54.70018 54.70018 54.70018 54.70018 54.70018 54.70018 36.3912 36.3912 298.4194 298.4194 298.4194 298.4194 298.4194 6297.135 2677.864 1871.081 -99 -99 -99 -99 -99 -99 -99 -99 -99 -99 -99 -99 -99 -99 -99 -99 -99 -99
6.72141 6.72141 6.72141 6.72141 6.72141 6.72141 6.72141 6.72141 6.72141 6.72141 6.72141 6.72141 6.72141 6.72141 6.72141 6.72141 6.72141 6.72141 6.72141 6.72141 6.72141 6.72141 6.72141 24.37685 24.37685 24.37685 24.37685 24.37685 24.37685 30.64647 30.64647 22.0493 30.64647 30.64647 30.64647 30.64647 30.64647 30.64647 30.64647 30.64647 54.70018 54.70018 54.70018 54.70018 54.70018 54.70018 54.70018 54.70018 36.3912 36.3912 298.4194 298.4194 298.4194 298.4194 4056.839 6297.135 1871.081 1871.081 1871.081 -99 -99 -99 -99 -99 -99 -99 -99 -99 -99 -99 -99 -99 -99 -99 -99 -99
6.72141 6.72141 6.72141 6.72141 6.72141 6.72141 6.72141 6.72141 6.72141 6.72141 6.72141 6.72141 6.72141 6.72141 6.72141 6.72141 6.72141 6.72141 6.72141 6.72141 6.72141 6.72141 6.72141 24.37685 24.37685 24.37685 24.37685 24.37685 22.0493 30.64647 30.64647 22.0493 22.0493 22.0493 30.64647 22.0493 30.64647 30.64647 30.64647 54.70018 54.70018 54.70018 54.70018 54.70018 54.70018 54.70018 54.70018 36.3912 36.3912 36.3912 298.4194 298.4194 298.4194 9711.602 4056.839 9263.411 2653.646 2653.646 2653.646 2653.646 -99 -99 -99 -99 -99 -99 -99 -99 -99 -99 -99 -99 -99 -99 -99 -99
6.72141 6.72141 6.72141 6.72141 6.72141 6.72141 6.72141 6.72141 6.72141 6.72141 6.72141 6.72141 6.72141 6.72141 6.72141 6.72141 6.72141 6.72141 6.72141 6.72141 6.72141 6.72141 24.37685 24.37685 24.37685 24.37685 24.37685 24.37685 22.0493 22.0493 22.0493 22.0493 22.0493 22.0493 22.0493 22.0493 22.0493 22.0493 22.0493 54.70018 54.70018 54.70018 54.70018 36.3912 36.3912 36.3912 36.3912 36.3912 36.3912 36.3912 36.3912 298.4194 9711.602 9711.602 7996.722 6931.917 2653.646 2653.646 2653.646 -99 -99 -99 -99 -99 -99 -99 -99 -99 -99 -99 -99 -99 -99 -99 -99 -99
6.72141 6.72141 6.72141 6.72141 6.72141 6.72141 6.72141 6.72141 6.72141 6.72141 6.72141 6.72141 6.72141 6.72141 6.72141 6.72141 6.72141 6.72141 6.72141 6.72141 6.72141 6.72141 24.37685 24.37685 24.37685 24.37685 24.37685 24.37685 22.0493 22.0493 22.0493 22.0493 22.0493 22.0493 22.0493 22.0493 22.0493 22.0493 22.0493 54.70018 54.70018 54.70018 36.3912 36.3912 36.3912 36.3912 36.3912 36.3912 36.3912 36.3912 36.3912 2432.389 2432.389 2432.389 1302.445 1302.445 2653.646 2653.646 2653.646 40.16007 40.16007 40.16007 -99 -99 -99 -99 -99 -99 -99 -99 -99 -99 -99 -99 -99 -99
14.99546 14.99546 14.99546 6.72141 6.72141 6.72141 6.72141 6.72141 6.72141 6.72141 6.72141 6.72141 6.72141 6.72141 6.72141 6.72141 6.72141 6.72141 6.72141 6.72141 6.72141 6.72141 24.37685 24.37685 24.37685 24.37685 24.37685 24.37685 24.37685 22.0493 22.0493 22.0493 22.0493 22.0493 22.0493 22.0493 22.0493 22.0493 22.0493 22.0493 22.0493 54.70018 36.3912 36.3912 36.3912 36.3912 36.3912 36.3912 36.3912 36.3912 36.3912 3256.194 3256.194 3256.194 1302.445 1302.445 1302.445 1302.445 1302.445 40.16007 40.16007 40.16007 40.16007 -99 -99 -99 -99 -99 -99 -99 -99 -99 -99 -99 -99 -99
