data/maps/pop.txt
ncols         643
nrows         661
xllcorner     8515.9999992024
yllcorner     47670.999937602
cellsize      1000
NODATA_value  -99
[rows 442 to 475 of 661, columns 228 to 303 of 643]
39.00593 258.452 258.452 258.452 4607.096 4607.096 4607.096 4607.096 36.20434 36.20434 36.20434 36.20434 36.20434 36.20434 34.53781 34.53781 765.6916 765.6916 39.61691 765.6916 765.6916 765.6916 78.45673 78.45673 78.45673 78.45673 78.45673 78.45673 78.45673 78.45673 76.74873 76.74873 76.74873 76.74873 -99 36.60019 36.60019 75.93525 75.93525 75.93525 75.93525 75.93525 75.93525 75.93525 75.93525 75.93525 75.93525 -99 -99 76.92871 -99 -99 76.92871 76.92871 -99 76.92871 -99 -99 -99 80.34752 80.34752 80.34752 80.34752 80.34752 1509.718 254.2924 254.2924 254.2924 72.57501 72.57501 23.0485 23.0485 23.0485 23.0485 23.0485 23.0485
39.00593 258.452 258.452 258.452 4607.096 4607.096 4607.096 4607.096 4607.096 4607.096 36.20434 4279.481 4279.481 4279.481 34.53781 765.6916 765.6916 765.6916 765.6916 765.6916 765.6916 765.6916 765.6916 78.45673 78.45673 78.45673 78.45673 78.45673 78.45673 78.45673 76.74873 76.74873 76.74873 36.60019 36.60019 36.60019 36.60019 36.60019 75.93525 75.93525 75.93525 75.93525 75.93525 75.93525 75.93525 75.93525 75.93525 -99 -99 -99 76.92871 76.92871 76.92871 -99 76.92871 -99 -99 -99 -99 80.34752 80.34752 80.34752 80.34752 80.34752 1509.718 1509.718 254.2924 72.57501 72.57501 72.57501 23.0485 23.0485 23.0485 53.0737 23.0485 23.0485
39.00593 39.00593 258.452 258.452 258.452 258.452 4607.096 4607.096 4607.096 4607.096 4279.481 4279.481 4279.481 765.6916 765.6916 765.6916 765.6916 765.6916 765.6916 765.6916 765.6916 765.6916 765.6916 47.49145 47.49145 78.45673 47.49145 47.49145 78.45673 78.45673 76.74873 76.74873 76.74873 -99 36.60019 36.60019 36.60019 36.60019 36.60019 75.93525 75.93525 75.93525 75.93525 75.93525 75.93525 75.93525 -99 -99 -99 -99 -99 -99 76.92871 76.92871 -99 -99 -99 -99 -99 80.34752 80.34752 80.34752 80.34752 1509.718 1509.718 1509.718 555.2835 72.57501 72.57501 72.57501 23.0485 23.0485 53.0737 53.0737 28.67225 28.67225
39.00593 39.00593 39.00593 258.452 258.452 258.452 258.452 5805.001 3532.448 4279.481 4279.481 4279.481 19541.64 485.607 765.6916 765.6916 765.6916 765.6916 765.6916 765.6916 765.6916 765.6916 765.6916 47.49145 47.49145 47.49145 4804.955 4804.955 3503.035 3503.035 76.74873 76.74873 -99 -99 36.60019 36.60019 36.60019 36.60019 36.60019 36.60019 -99 75.93525 75.93525 75.93525 75.93525 75.93525 -99 -99 -99 -99 -99 -99 -99 -99 -99 -99 -99 -99 80.34752 732.8686 80.34752 80.34752 1704.531 1509.718 1509.718 555.2835 555.2835 72.57501 72.57501 72.57501 53.0737 53.0737 53.0737 53.0737 53.0737 28.67225
39.00593 39.00593 39.00593 39.00593 39.00593 258.452 258.452 3568.563 3532.448 9728.217 4279.481 19541.64 485.607 485.607 485.607 765.6916 765.6916 765.6916 765.6916 765.6916 765.6916 765.6916 765.6916 47.49145 47.49145 47.49145 4804.955 4804.955 4804.955 3503.035 -99 395.1566 395.1566 395.1566 -99 36.60019 36.60019 36.60019 36.60019 -99 -99 75.93525 75.93525 75.93525 -99 -99 -99 -99 -99 -99 -99 -99 -99 -99 -99 -99 -99 -99 732.8686 732.8686 732.8686 1704.531 1509.718 555.2835 555.2835 555.2835 72.57501 72.57501 72.57501 72.57501 53.0737 53.0737 53.0737 53.0737 53.0737 53.0737
39.00593 39.00593 39.00593 39.00593 39.00593 258.452 4093.381 4093.381 4093.381 3267.477 9728.217 9728.217 485.607 485.607 485.607 765.6916 765.6916 765.6916 765.6916 765.6916 765.6916 765.6916 47.49145 47.49145 47.49145 47.49145 4804.955 4804.955 4804.955 1788.74 1788.74 395.1566 395.1566 395.1566 -99 36.60019 -99 36.60019 -99 -99 -99 -99 -99 110.0255 110.0255 110.0255 -99 110.0255 -99 -99 -99 -99 -99 -99 -99 -99 -99 -99 -99 732.8686 732.8686 1704.531 1509.718 555.2835 555.2835 555.2835 72.57501 72.57501 72.57501 72.57501 53.0737 53.0737 53.0737 -99 -99 -99
39.00593 39.00593 39.00593 39.00593 39.00593 39.00593 39.00593 369.8881 369.8881 3267.477 9728.217 485.607 485.607 485.607 485.607 485.607 765.6916 765.6916 -99 765.6916 765.6916 47.49145 47.49145 47.49145 47.49145 47.49145 4804.955 4804.955 -99 1788.74 1788.74 -99 -99 -99 -99 -99 -99 -99 -99 75.93525 -99 -99 110.0255 110.0255 110.0255 110.0255 110.0255 110.0255 -99 -99 -99 -99 -99 -99 -99 -99 -99 -99 -99 -99 732.8686 1704.531 4958.275 555.2835 555.2835 72.57501 72.57501 72.57501 72.57501 72.57501 53.0737 53.0737 53.0737 -99 -99 53.0737
39.00593 39.00593 39.00593 39.00593 39.00593 39.00593 369.8881 369.8881 369.8881 369.8881 3267.477 485.607 485.607 485.607 485.607 485.607 765.6916 -99 -99 765.6916 47.49145 47.49145 47.49145 47.49145 47.49145 47.49145 4804.955 -99 1788.74 1788.74 1788.74 1788.74 1788.74 1788.74 -99 -99 -99 -99 -99 -99 -99 -99 110.0255 110.0255 110.0255 110.0255 110.0255 110.0255 -99 -99 -99 -99 -99 -99 -99 -99 -99 88.35047 732.8686 -99 -99 -99 -99 -99 -99 72.57501 72.57501 72.57501 72.57501 72.57501 53.0737 53.0737 53.0737 -99 -99 -99
39.00593 39.00593 39.00593 39.00593 39.00593 39.00593 39.00593 369.8881 369.8881 369.8881 369.8881 485.607 485.607 485.607 485.607 485.607 485.607 -99 -99 -99 47.49145 47.49145 47.49145 47.49145 47.49145 47.49145 -99 -99 1788.74 1788.74 1788.74 1788.74 1788.74 1788.74 1788.74 -99 -99 -99 132.7611 -99 -99 -99 132.7611 132.7611 132.7611 132.7611 110.0255 110.0255 -99 -99 -99 -99 -99 -99 -99 88.35047 88.35047 88.35047 -99 -99 -99 -99 -99 -99 72.57501 72.57501 72.57501 72.57501 72.57501 72.57501 53.0737 53.0737 53.0737 -99 -99 -99
39.00593 39.00593 39.00593 39.00593 39.00593 39.00593 39.00593 369.8881 369.8881 369.8881 369.8881 485.607 485.607 485.607 485.607 485.607 485.607 485.607 -99 -99 47.49145 47.49145 47.49145 47.49145 47.49145 -99 -99 -99 -99 -99 -99 -99 -99 1788.74 1788.74 -99 -99 -99 -99 -99 132.7611 -99 132.7611 132.7611 132.7611 132.7611 110.0255 110.0255 -99 -99 -99 -99 -99 -99 88.35047 88.35047 88.35047 -99 -99 -99 -99 -99 -99 -99 -99 -99 72.57501 72.57501 -99 72.57501 53.0737 53.0737 53.0737 -99 -99 -99
39.00593 39.00593 74.94744 74.94744 74.94744 74.94744 369.8881 369.8881 369.8881 369.8881 369.8881 485.607 485.607 485.607 485.607 485.607 485.607 485.607 105.4756 -99 -99 47.49145 47.49145 47.49145 -99 -99 -99 -99 71.43175 71.43175 -99 -99 -99 1788.74 1788.74 -99 -99 -99 -99 132.7611 132.7611 132.7611 132.7611 132.7611 132.7611 110.0255 110.0255 110.0255 -99 -99 -99 -99 -99 -99 88.35047 88.35047 -99 88.35047 -99 -99 -99 -99 -99 -99 -99 -99 -99 72.57501 -99 -99 -99 -99 -99 -99 -99 -99
74.94744 74.94744 74.94744 74.94744 74.94744 74.94744 74.94744 369.8881 369.8881 369.8881 369.8881 485.607 485.607 485.607 485.607 485.607 485.607 105.4756 105.4756 -99 -99 -99 -99 -99 -99 -99 -99 71.43175 71.43175 71.43175 71.43175 71.43175 -99 -99 1788.74 -99 -99 -99 -99 9.86409 132.7611 132.7611 132.7611 132.7611 132.7611 110.0255 110.0255 -99 -99 -99 -99 -99 -99 88.35047 88.35047 88.35047 -99 88.35047 88.35047 -99 -99 -99 -99 -99 -99 -99 -99 -99 -99 -99 -99 -99 -99 -99 -99 -99
74.94744 74.94744 74.94744 74.94744 74.94744 74.94744 74.94744 74.94744 369.8881 369.8881 -99 485.607 485.607 105.4756 105.4756 105.4756 105.4756 105.4756 -99 105.4756 -99 -99 -99 -99 -99 -99 -99 71.43175 71.43175 71.43175 71.43175 71.43175 -99 -99 -99 -99 -99 -99 -99 9.86409 9.86409 9.86409 132.7611 132.7611 132.7611 132.7611 -99 -99 -99 -99 -99 -99 88.35047 88.35047 88.35047 88.35047 -99 88.35047 88.35047 88.35047 88.35047 -99 -99 -99 -99 -99 -99 -99 -99 -99 -99 -99 -99 -99 -99 -99
74.94744 74.94744 74.94744 74.94744 74.94744 74.94744 74.94744 74.94744 -99 -99 -99 485.607 485.607 105.4756 105.4756 105.4756 105.4756 105.4756 -99 -99 -99 105.4756 -99 -99 -99 -99 -99 -99 -99 71.43175 -99 -99 -99 -99 -99 -99 -99 -99 9.86409 9.86409 9.86409 9.86409 132.7611 132.7611 132.7611 132.7611 -99 -99 -99 -99 -99 88.35047 88.35047 88.35047 88.35047 88.35047 -99 88.35047 88.35047 88.35047 88.35047 -99 -99 -99 -99 -99 -99 -99 -99 -99 -99 -99 -99 -99 -99 -99
74.94744 74.94744 74.94744 74.94744 74.94744 74.94744 74.94744 74.94744 74.94744 -99 -99 485.607 485.607 485.607 105.4756 105.4756 105.4756 105.4756 105.4756 -99 105.4756 105.4756 -99 -99 -99 -99 -99 -99 -99 -99 -99 -99 39.0156 39.0156 -99 -99 -99 -99 9.86409 9.86409 9.86409 9.86409 132.7611 132.7611 481.0612 132.7611 -99 -99 -99 -99 -99 -99 88.35047 88.35047 88.35047 88.35047 88.35047 88.35047 88.35047 88.35047 -99 -99 -99 -99 -99 -99 -99 -99 -99 -99 -99 -99 49.60265 49.60265 -99 -99
74.94744 74.94744 74.94744 74.94744 74.94744 74.94744 74.94744 74.94744 -99 -99 -99 485.607 485.607 485.607 105.4756 105.4756 105.4756 105.4756 105.4756 105.4756 105.4756 105.4756 -99 -99 -99 -99 39.0156 39.0156 39.0156 39.0156 39.0156 -99 39.0156 39.0156 -99 -99 -99 -99 9.86409 9.86409 9.86409 9.86409 481.0612 481.0612 481.0612 481.0612 481.0612 -99 -99 -99 -99 -99 88.35047 88.35047 88.35047 88.35047 88.35047 88.35047 88.35047 88.35047 88.35047 -99 -99 -99 -99 -99 -99 -99 -99 -99 49.60265 49.60265 49.60265 49.60265 49.60265 49.60265
74.94744 74.94744 74.94744 74.94744 74.94744 74.94744 -99 74.94744 -99 -99 -99 -99 485.607 105.4756 105.4756 105.4756 105.4756 105.4756 105.4756 105.4756 105.4756 105.4756 39.0156 -99 -99 39.0156 39.0156 39.0156 39.0156 39.0156 39.0156 39.0156 39.0156 39.0156 -99 -99 -99 -99 9.86409 9.86409 9.86409 9.86409 9.86409 481.0612 481.0612 481.0612 481.0612 -99 -99 -99 -99 -99 -99 88.35047 88.35047 88.35047 88.35047 -99 88.35047 88.35047 88.35047 88.35047 -99 -99 -99 -99 -99 -99 -99 -99 -99 49.60265 49.60265 -99 -99 -99
116.2437 74.94744 -99 -99 -99 -99 -99 -99 -99 -99 -99 -99 -99 105.4756 105.4756 105.4756 105.0275 105.4756 105.4756 105.0275 105.4756 -99 -99 39.0156 39.0156 39.0156 39.0156 39.0156 39.0156 39.0156 39.0156 39.0156 39.0156 39.0156 -99 -99 -99 -99 9.86409 9.86409 9.86409 9.86409 9.86409 481.0612 481.0612 481.0612 481.0612 481.0612 52.05763 -99 -99 -99 -99 -99 -99 62.32016 -99 62.32016 -99 -99 -99 -99 88.35047 -99 -99 -99 49.60265 49.60265 -99 -99 -99 49.60265 49.60265 -99 49.60265 49.60265
-99 -99 -99 -99 -99 -99 -99 -99 -99 -99 -99 -99 105.4756 105.4756 105.4756 105.4756 105.0275 105.0275 105.0275 105.0275 105.0275 105.0275 39.0156 39.0156 39.0156 39.0156 39.0156 39.0156 39.0156 39.0156 39.0156 39.0156 39.0156 39.0156 -99 -99 -99 -99 9.86409 9.86409 9.86409 9.86409 9.86409 481.0612 481.0612 481.0612 481.0612 481.0612 52.05763 52.05763 -99 -99 -99 62.32016 62.32016 62.32016 62.32016 62.32016 62.32016 62.32016 -99 -99 -99 -99 -99 -99 -99 -99 -99 -99 -99 -99 -99 49.60265 49.60265 49.60265
-99 -99 -99 -99 -99 -99 -99 -99 -99 -99 -99 105.4756 105.4756 105.4756 105.4756 105.4756 105.0275 105.0275 105.0275 105.0275 105.0275 105.0275 39.0156 39.0156 39.0156 39.0156 39.0156 39.0156 39.0156 39.0156 39.0156 39.0156 39.0156 39.0156 -99 -99 -99 -99 -99 9.86409 9.86409 9.86409 9.86409 9.86409 481.0612 481.0612 52.05763 52.05763 52.05763 52.05763 -99 62.32016 62.32016 62.32016 62.32016 62.32016 62.32016 62.32016 62.32016 62.32016 62.32016 -99 -99 -99 -99 -99 -99 -99 -99 -99 -99 -99 -99 -99 49.60265 49.60265
116.2437 116.2437 -99 -99 -99 -99 -99 -99 -99 -99 -99 -99 105.4756 -99 105.0275 105.0275 105.0275 105.0275 105.0275 105.0275 105.0275 803.955 39.0156 39.0156 39.0156 39.0156 39.0156 39.0156 39.0156 39.0156 39.0156 39.0156 39.0156 39.0156 -99 -99 -99 -99 -99 -99 9.86409 9.86409 9.86409 9.86409 481.0612 481.0612 52.05763 52.05763 52.05763 52.05763 52.05763 52.05763 52.05763 62.32016 62.32016 62.32016 62.32016 62.32016 62.32016 62.32016 62.32016 -99 -99 -99 -99 -99 -99 -99 -99 -99 -99 -99 -99 -99 -99 49.60265
-99 -99 -99 -99 -99 -99 -99 -99 -99 -99 -99 -99 -99 -99 -99 105.0275 105.0275 105.0275 105.0275 105.0275 105.0275 105.0275 803.955 803.955 39.0156 803.955 39.0156 39.0156 39.0156 39.0156 362.2263 362.2263 362.2263 -99 -99 -99 -99 -99 -99 -99 9.86409 9.86409 106.1607 106.1607 106.1607 481.0612 52.05763 52.05763 52.05763 52.05763 52.05763 52.05763 52.05763 52.05763 52.05763 62.32016 62.32016 62.32016 62.32016 62.32016 -99 -99 -99 -99 -99 -99 -99 -99 -99 -99 -99 -99 -99 -99 -99 -99
-99 -99 -99 -99 -99 -99 -99 -99 -99 -99 -99 -99 -99 -99 -99 105.0275 105.0275 105.0275 105.0275 105.0275 105.0275 105.0275 2879.447 803.955 803.955 803.955 803.955 3176.1 39.0156 39.0156 362.2263 362.2263 362.2263 -99 -99 -99 -99 -99 -99 -99 -99 106.1607 106.1607 106.1607 106.1607 106.1607 106.1607 52.05763 52.05763 52.05763 52.05763 52.05763 52.05763 52.05763 62.32016 62.32016 62.32016 62.32016 62.32016 62.32016 -99 -99 -99 -99 -99 -99 -99 -99 -99 -99 -99 -99 -99 -99 -99 -99
-99 -99 116.2437 -99 116.2437 -99 -99 -99 -99 -99 -99 -99 -99 -99 -99 -99 105.0275 105.0275 105.0275 105.0275 105.0275 105.0275 2879.447 2879.447 2879.447 803.955 803.955 3176.1 4716.843 362.2263 362.2263 362.2263 -99 -99 -99 -99 -99 -99 -99 -99 -99 106.1607 106.1607 106.1607 106.1607 106.1607 106.1607 52.05763 52.05763 52.05763 52.05763 52.05763 52.05763 52.05763 52.05763 62.32016 62.32016 62.32016 62.32016 62.32016 -99 -99 -99 -99 -99 -99 -99 -99 -99 -99 -99 -99 -99 -99 -99 -99
-99 -99 -99 -99 -99 -99 -99 -99 -99 -99 -99 -99 -99 -99 -99 -99 105.0275 105.0275 105.0275 105.0275 105.0275 105.0275 2879.447 2879.447 2879.447 2879.447 3176.1 4716.843 4716.843 362.2263 362.2263 362.2263 -99 -99 -99 -99 -99 -99 -99 -99 -99 106.1607 106.1607 106.1607 106.1607 106.1607 106.1607 106.1607 -99 -99 52.05763 52.05763 52.05763 52.05763 52.05763 62.32016 62.32016 62.32016 62.32016 62.32016 -99 -99 -99 -99 -99 -99 -99 -99 -99 -99 -99 -99 -99 -99 -99 -99
-99 -99 -99 -99 -99 -99 -99 -99 -99 -99 -99 -99 -99 -99 -99 -99 105.0275 105.0275 105.0275 105.0275 105.0275 105.0275 2879.447 2879.447 5421.802 3555.795 3555.795 10971.65 2313.905 2313.905 2313.905 362.2263 -99 -99 -99 -99 -99 -99 -99 -99 -99 106.1607 106.1607 106.1607 106.1607 106.1607 -99 -99 -99 -99 52.05763 52.05763 52.05763 52.05763 52.05763 62.32016 62.32016 62.32016 137.9275 137.9275 -99 -99 -99 -99 -99 -99 -99 -99 -99 -99 -99 -99 -99 -99 -99 -99
-99 -99 -99 -99 -99 -99 -99 -99 -99 -99 -99 -99 -99 -99 -99 -99 -99 105.0275 105.0275 105.0275 105.0275 105.0275 5421.802 5421.802 3555.795 3555.795 3555.795 10971.65 8779.999 2313.905 12594.96 362.2263 -99 -99 -99 -99 -99 -99 -99 -99 106.1607 106.1607 106.1607 106.1607 106.1607 106.1607 106.1607 -99 -99 -99 52.05763 52.05763 65.44336 65.44336 65.44336 62.32016 62.32016 62.32016 137.9275 137.9275 -99 -99 -99 -99 -99 -99 -99 -99 -99 -99 -99 -99 -99 -99 -99 -99
-99 -99 -99 -99 -99 -99 -99 -99 -99 -99 -99 -99 -99 -99 -99 -99 -99 79.09617 -99 105.0275 105.0275 105.0275 5421.802 -99 -99 3555.795 3555.795 8779.999 8779.999 6958.232 12594.96 275.3795 3717.214 -99 -99 -99 -99 -99 -99 -99 -99 -99 106.1607 106.1607 106.1607 106.1607 106.1607 -99 -99 -99 65.44336 65.44336 65.44336 65.44336 65.44336 65.44336 137.9275 137.9275 137.9275 137.9275 -99 -99 -99 -99 -99 -99 -99 -99 -99 -99 -99 -99 -99 -99 -99 -99
-99 -99 -99 -99 -99 -99 -99 -99 -99 -99 -99 -99 -99 -99 -99 -99 -99 79.09617 79.09617 79.09617 79.09617 79.09617 5421.802 -99 -99 -99 1165.165 1165.165 5534.131 3525.738 3525.738 -99 -99 -99 -99 -99 -99 -99 -99 -99 -99 -99 106.1607 106.1607 106.1607 106.1607 106.1607 -99 -99 -99 65.44336 65.44336 65.44336 65.44336 65.44336 65.44336 137.9275 137.9275 137.9275 -99 -99 -99 -99 -99 -99 -99 -99 -99 -99 -99 -99 -99 -99 -99 -99 -99
-99 -99 -99 -99 -99 -99 -99 -99 -99 -99 -99 -99 -99 -99 -99 79.09617 79.09617 79.09617 79.09617 79.09617 79.09617 79.09617 -99 -99 -99 -99 -99 1165.165 1165.165 -99 5534.131 159.8609 159.8609 159.8609 -99 -99 -99 -99 -99 -99 -99 -99 -99 -99 106.1607 106.1607 -99 -99 -99 65.44336 -99 65.44336 65.44336 65.44336 65.44336 65.44336 -99 137.9275 -99 -99 -99 -99 -99 -99 -99 -99 -99 -99 -99 -99 -99 -99 -99 -99 -99 -99
-99 -99 -99 -99 -99 -99 -99 -99 -99 -99 -99 -99 -99 -99 79.09617 79.09617 79.09617 79.09617 79.09617 79.09617 79.09617 79.09617 -99 -99 -99 -99 -99 -99 1165.165 1165.165 -99 -99 159.8609 159.8609 159.8609 159.8609 -99 -99 -99 -99 -99 -99 -99 -99 -99 -99 -99 -99 -99 -99 -99 65.44336 65.44336 65.44336 65.44336 65.44336 -99 137.9275 137.9275 137.9275 -99 -99 -99 -99 -99 -99 -99 -99 -99 -99 -99 -99 -99 -99 -99 -99
-99 -99 -99 76.03263 -99 -99 -99 -99 -99 -99 -99 -99 -99 -99 79.09617 79.09617 79.09617 79.09617 79.09617 79.09617 -99 -99 -99 -99 -99 -99 -99 -99 1165.165 1165.165 1165.165 -99 -99 159.8609 159.8609 159.8609 -99 -99 -99 -99 -99 -99 -99 -99 -99 -99 -99 -99 -99 -99 -99 -99 -99 -99 -99 -99 -99 137.9275 137.9275 137.9275 -99 -99 -99 -99 -99 -99 -99 -99 -99 -99 61.91255 61.91255 61.91255 61.91255 -99 -99
76.03263 -99 76.03263 -99 -99 -99 -99 -99 -99 -99 -99 -99 -99 -99 -99 79.09617 79.09617 79.09617 79.09617 79.09617 79.09617 -99 -99 -99 -99 -99 -99 -99 -99 -99 -99 -99 -99 159.8609 159.8609 -99 -99 -99 -99 -99 -99 -99 -99 -99 -99 -99 -99 -99 -99 -99 -99 -99 -99 -99 -99 -99 -99 -99 -99 137.9275 -99 -99 -99 -99 -99 -99 -99 -99 -99 -99 -99 61.91255 61.91255 61.91255 -99 -99
76.03263 76.03263 -99 76.03263 76.03263 76.03263 -99 -99 -99 -99 -99 -99 -99 -99 79.09617 79.09617 79.09617 79.09617 79.09617 79.09617 79.09617 -99 -99 -99 -99 -99 -99 -99 -99 -99 -99 -99 -99 159.8609 159.8609 -99 -99 -99 -99 -99 -99 -99 -99 -99 -99 -99 -99 -99 -99 -99 -99 -99 -99 -99 -99 -99 -99 -99 -99 137.9275 -99 -99 -99 -99 -99 -99 -99 -99 -99 -99 -99 -99 -99 -99 -99 -99
