data/maps/prcp.txt
ncols         643
nrows         661
xllcorner     8515.9999992024
yllcorner     47670.999937602
cellsize      1000
NODATA_value  -9999
[rows 248 to 278 of 661, columns 210 to 279 of 643]
8.067475 8.067317 8.144608 8.168932 8.161836 8.183824 8.117647 8.060294 8.35303 8.329353 8.356716 8.369652 8.723858 8.866835 8.813568 8.617327 8.636 8.666834 8.679798 8.605025 8.724242 8.821717 8.835233 8.833854 8.871053 8.644792 8.688948 8.601571 8.62356 8.375897 8.444271 8.406771 8.367708 8.289175 8.560309 8.36802 8.352062 8.274742 8.100508 8.094388 8.138461 8.097949 8.424 8.12657 8.055024 7.919249 8.034135 7.970531 7.881042 7.717062 7.66028 7.620096 7.535407 7.757005 7.488235 7.052451 7.330883 7.219096 7.346078 7.572811 7.292213 7.756054 7.036771 7.04717 7.520283 7.147489 7.26579 7.336842 7.170852 7.13139
7.962981 7.899515 7.951961 7.966667 8.01133 8.002941 8.074753 8.105446 8.402564 8.443435 8.4125 8.471212 8.50202 8.455 8.5405 8.476848 8.591044 8.524137 8.634 8.591542 8.57549 8.592156 8.74264 8.665816 8.65 8.685789 8.666316 8.673158 8.633684 8.613228 8.539682 8.489947 8.376964 8.232307 8.24898 8.272449 8.249746 8.20153 8.206736 8.095431 8.237563 8.330457 8.172815 8.060765 8.061952 8.037931 7.852885 7.874039 7.666825 7.709479 7.420755 7.437799 7.522488 7.67561 7.229557 7.007882 7.437438 7.246231 7.493137 7.862736 7.905093 7.677727 7.161364 6.8 7.342654 7.03913 7.26579 7.336842 7.170852 7.13139
7.845794 7.792823 7.797585 7.963367 7.968317 7.926471 8.027227 8.062687 8.233838 8.390404 8.39397 8.390355 8.422843 8.600508 8.567005 8.505 8.454726 8.445588 8.557425 8.514357 8.523529 8.527941 8.615657 8.680512 8.57449 8.577604 8.706879 8.666667 8.64127 8.656085 8.439378 8.51746 8.412632 8.284616 8.195408 8.141327 8.076262 8.166667 8.183077 8.297979 8.455445 8.324758 8.473786 7.990476 8.17451 8.111823 7.783575 7.626191 7.641463 7.659512 7.418357 7.399029 7.37931 7.279105 7.167164 7.073632 7.389055 7.261616 7.157843 7.02783 7.051389 7.177828 7.823364 6.977103 7.24299 7.063393 7.082432 7.081305 7.556889 7.042222
8.01827 7.868421 7.804785 7.914216 7.9 7.942647 7.97647 8.096518 8.2205 8.264824 8.351777 8.398485 8.529949 8.629897 8.688601 8.773575 8.610606 8.471569 8.467317 8.524019 8.757286 8.572865 8.541414 8.611282 8.500507 8.572396 8.607329 8.53886 8.562695 8.56875 8.528273 8.435938 8.368229 8.313089 8.228498 8.111794 8.117435 8.275385 8.330964 8.232161 8.1585 8.132353 8.013364 8.072512 8.008696 7.898039 7.706897 7.642365 7.776586 7.526829 7.743902 7.661353 7.478218 7.369587 7.244845 7.066667 7.085859 7.172637 7.059346 6.99457 7.104978 7.060417 7.646903 6.84823 6.867699 6.948431 7.043243 6.987448 7.313274 7.04955
7.890732 7.756459 7.999029 8.076214 7.917874 7.900976 7.975122 8.085149 8.314 8.27647 8.4755 8.7 8.809694 8.580513 8.60567 8.601031 8.558375 8.486699 8.570149 8.5885 8.684694 8.464 8.4845 8.50808 8.427638 8.577202 8.567876 8.55544 8.62228 8.427692 8.355898 8.43057 8.387565 8.203109 8.205181 8.212435 8.154359 8.47268 8.33198 8.321428 8.325 8.136683 7.861818 7.857895 7.875961 7.910194 7.76715 7.760784 7.564878 7.420952 7.675814 7.436239 7.642927 7.712183 7.39641 6.995477 7.236181 7.071698 7.139719 7.131193 7.275225 7.105439 7.488106 7.076211 6.976889 7.0163 7.048471 7.142739 7.330222 7.519617
7.73399 7.75098 7.868932 7.870335 7.976923 7.993237 7.96439 8.061463 8.396552 8.324631 8.544898 8.665641 8.721429 8.503517 8.694271 8.691146 8.676411 8.6085 8.654822 8.584771 8.531818 8.4335 8.44 8.594872 8.535714 8.528205 8.606771 8.624607 8.621989 8.40567 8.431443 8.319898 8.237373 8.304145 8.319588 8.529382 8.364975 8.693435 8.277512 8.11244 7.903756 8.087143 7.794712 7.917073 7.755981 7.654167 7.626728 7.646154 7.465701 7.258294 7.313551 7.113303 7.122897 7.023474 7.42347 7.181818 7.678283 7.035484 6.787671 7.097706 7.234389 7.30367 7.191781 7.236986 6.928829 7.106849 7.018062 7.1 7.710454 7.666827
7.589552 7.677114 7.825247 7.944928 8.061429 8.139613 8.072059 8.124155 8.52488 8.703921 8.759694 8.52359 8.454359 8.475 8.551031 8.695361 8.586364 8.541206 8.65641 8.696891 8.501523 8.453031 8.44697 8.550257 8.542051 8.505641 8.619895 8.642105 8.570833 8.480208 8.439176 8.420513 8.254774 8.152737 8.527273 8.675253 8.034741 8.000943 8.068421 8.036842 7.939623 7.946698 7.748058 7.563902 7.585024 7.705825 7.692195 7.532683 7.313592 7.384286 7.335714 7.078899 7.088679 6.941905 6.958654 6.985646 6.799091 7.207273 7.186758 7.094977 7.14633 7.047442 6.873023 6.855349 7.001402 6.933333 6.79819 7.310046 7.602871 7.35942
7.589552 7.677114 7.825247 7.944928 8.061429 8.139613 8.072059 8.124155 8.52488 8.703921 8.759694 8.52359 8.454359 8.475 8.551031 8.695361 8.586364 8.541206 8.505584 8.566154 8.532143 8.52704 8.504082 8.47296 8.548969 8.568394 8.554404 8.564062 8.567876 8.534715 8.670984 8.823438 8.563959 8.517676 8.384507 8.182629 8.195305 8.110232 8.170193 7.992788 8.043138 7.982266 7.591787 7.576077 7.609047 7.614078 7.487923 7.265116 7.302765 7.803903 7.247291 7.170297 7.058911 6.978607 6.926368 6.901961 6.879904 7.057416 7.063303 7.02217 6.981043 6.980751 6.979343 7.143396 7.367453 7.105023 6.991705 7.373913 7.24466 7.51592
7.594 7.665 7.795025 7.840488 7.78756 7.822705 7.926238 8.064 8.485279 8.449 8.207843 8.300503 8.428205 8.493333 8.465641 8.562564 8.744041 8.539594 8.505584 8.566154 8.532143 8.52704 8.504082 8.47296 8.548969 8.568394 8.554404 8.564062 8.567876 8.534715 8.670984 8.823438 8.563959 8.517676 8.384507 8.182629 8.195305 8.110232 8.071634 8.090244 8.080597 7.831527 7.545971 7.765877 7.655769 7.665196 7.7415 7.754726 7.813366 7.664251 7.209314 7.353202 7.306436 7.19802 6.944928 6.9 7.395192 7.849761 7.067453 6.879126 6.870532 6.925838 6.922381 6.96619 7.348095 7.411872 7.334404 7.435149 7.1705 7.417526
7.603535 7.633333 7.7533 7.925889 7.905025 7.885427 7.924623 8.077665 8.346193 8.186567 8.347449 8.360406 8.458883 8.498984 8.57835 8.64433 8.728125 8.543077 8.46802 8.609279 8.584616 8.61031 8.607217 8.525128 8.657068 8.66754 8.649215 8.639791 8.593815 8.713402 8.956346 9.006091 8.832161 8.62598 8.558455 8.331579 8.378469 8.260952 8.071634 8.090244 8.080597 7.831527 7.545971 7.765877 7.655769 7.665196 7.7415 7.754726 7.813366 7.664251 7.26715 7.353202 7.306436 7.435323 7.445192 7.020188 7.054854 6.865048 7.040191 6.874882 6.830583 6.754369 6.847317 6.81866 7.007656 7.251887 7.309302 7.5115 7.375 7.696296
7.713706 7.639594 7.82449 7.836735 7.826396 7.850505 7.955838 7.972362 8.162814 8.283756 8.235859 8.419388 8.46396 8.382323 8.547938 8.56701 8.56701 8.616062 8.572165 8.521428 8.515306 8.493367 8.539286 8.508674 8.639063 8.63822 8.651833 8.668587 8.627979 8.892228 9.084184 8.888119 8.621154 8.504327 8.498039 8.285577 8.155289 8.119806 8.097561 8.075743 7.921393 7.855173 7.749756 7.665366 7.644118 7.694608 7.659204 7.525373 7.487624 7.503431 7.489216 7.334 7.142574 7.435323 7.445192 7.020188 7.054854 6.865048 7.040191 6.874882 6.830583 6.754369 6.847317 6.81866 7.007656 7.35942 7.403738 7.701389 7.741148 8.3925
7.733163 7.642857 7.77449 7.724748 7.914872 7.76 7.876263 7.926633 8.138266 8.245918 8.396875 8.427979 8.522798 8.441326 8.574093 8.520513 8.529231 8.609794 8.564795 8.592308 8.572165 8.463636 8.524242 8.4215 8.586225 8.500513 8.580513 8.747692 8.734359 8.842564 9.063131 8.821182 8.545193 8.477034 8.411765 8.468447 8.214078 8.203415 8.071154 8.053961 7.839604 7.771782 7.696535 7.677723 7.770732 7.662911 7.533645 7.535096 7.436232 7.49064 7.292079 7.294528 7.220488 7.211538 7.360476 7.248858 7.15 7.105454 7.188182 7.230047 7.184541 7.034634 7.212621 7.347291 7.067805 7.35942 7.403738 7.701389 7.741148 8.3925
7.697462 7.568528 7.736923 7.709645 7.813846 7.678 7.95282 8.014796 8.142564 8.100505 8.221539 8.240513 8.414508 8.444102 8.566321 8.526804 8.585052 8.543367 8.590306 8.539394 8.5467 8.365672 8.436181 8.464321 8.508586 8.545877 8.570769 8.705641 8.626154 8.767693 8.8615 8.629127 8.588462 8.523809 8.415196 8.42463 8.235468 8.29604 8.126471 8.126601 8.010396 7.748515 7.657636 7.797044 7.46934 7.604348 7.608212 7.549758 7.499034 7.76798 7.227941 7.268137 7.383 7.648259 7.659134 7.453302 7.323853 7.388341 7.183408 7.510244 7.399029 7.286699 7.187562 7.001471 6.97451 7.3425 7.578744 7.504225 7.679452 8.2585
7.529851 7.451741 7.554 7.68731 7.785641 7.651244 7.81206 7.899495 7.9325 8.085279 8.127411 8.155838 8.307693 8.551832 8.572917 8.560103 8.597927 8.589796 8.636868 8.613066 8.4405 8.355941 8.341089 8.302475 8.461809 8.601546 8.523077 8.588144 8.531632 8.43198 8.906599 8.515196 8.829268 8.672642 8.447525 8.389 8.446 8.178218 8.163366 8.087065 7.877723 7.716832 7.664706 7.87549 7.446698 7.623301 7.536585 7.503865 7.548326 7.750247 7.264357 7.219307 7.4035 7.3985 7.38607 7.356586 7.21729 7.404245 7.506132 7.447805 7.18301 7.195025 7.168687 7.251269 7.334518 7.823858 8.244445 8.3133 7.424753 7.635678
7.5205 7.49 7.579397 7.661224 7.782474 7.6995 7.742289 7.788557 7.949246 8.128718 8.17077 8.172959 8.130303 8.456545 8.521875 8.560416 8.622916 8.634021 8.552284 8.611734 8.498492 8.4445 8.5 8.448241 8.486432 8.553535 8.567693 8.502041 8.451269 8.513266 8.572449 8.3845 8.661306 8.371428 8.69005 8.4605 8.373135 8.186567 8.145226 7.879208 7.79403 7.668812 7.743137 7.806863 7.482857 7.619608 7.51699 7.463592 7.482524 7.565196 7.477723 7.485148 7.816586 7.771 7.307921 7.042105 7.147642 7.04151 7.489623 7.453738 7.328972 7.514925 7.33604 7.263452 7.240704 7.526633 7.847116 7.705392 7.77449 8.103142
7.857368 7.608718 7.685128 7.611675 7.722449 7.6835 7.732836 7.781095 7.818905 8.095898 8.226943 8.16 8.246391 8.53617 8.719893 8.552083 8.641666 8.605641 8.580612 8.609231 8.578571 8.447 8.381592 8.380597 8.520202 8.531818 8.643005 8.563402 8.663213 8.364322 8.283417 8.458794 8.425742 8.437811 8.534146 8.604926 8.384 8.446 8.208586 8.0975 8.18 8.130348 7.923267 7.774 7.8745 7.574146 7.471845 7.466505 7.483333 7.484159 7.4415 7.824257 7.655814 7.663303 7.567298 7.198095 7.097143 7.057547 7.44717 7.44537 7.604206 7.614078 7.504 7.373134 7.320276 7.907373 7.583721 7.552657 7.405641 7.596875
7.694241 7.537113 7.600515 7.51206 7.667513 7.614 7.6825 7.705941 7.733168 7.920101 8.240104 8.234197 8.269792 8.407369 8.49 8.393847 8.467692 8.637114 8.49899 8.572959 8.532323 8.567005 8.378607 8.452239 8.525628 8.425373 8.591237 8.508247 8.576684 8.3875 8.392 8.782673 8.624631 8.687374 8.4515 8.605528 8.560824 8.445361 8.222842 8.2335 8.096098 7.964115 8.131863 7.720895 7.631343 7.745771 7.666183 7.682211 7.701463 7.733168 7.549 7.81592 7.460476 7.687204 7.535849 7.243541 7.042584 6.923585 7.017453 7.152359 7.545971 7.605742 7.647264 7.427363 7.680569 8.442654 8.027014 7.890909 7.606829 7.667647
7.694241 7.537113 7.600515 7.51206 7.667513 7.614 7.6825 7.705941 7.733168 7.920101 8.240104 8.234197 8.269792 8.407369 8.49 8.65615 8.591623 8.610937 8.490816 8.525252 8.525126 8.582143 8.492462 8.577889 8.482 8.4565 8.501016 8.464796 8.353536 8.268317 8.297029 8.714778 8.470444 8.420202 8.586225 8.675385 8.53198 8.160406 8.384264 8.113398 8.100478 7.96602 7.884314 7.845 7.946 8.0025 7.660766 7.549057 7.627273 7.591827 7.510145 7.805742 7.378572 7.499048 7.365877 7.163809 7.087619 7.021801 7.020853 7.081043 7.151643 7.457971 7.485991 7.337681 7.39375 7.845673 7.609313 8.097044 7.737198 7.879611
7.311055 7.398485 7.427778 7.374258 7.522 7.513861 7.6515 7.686567 7.646569 7.758128 8.156477 8.228125 8.27801 8.296875 8.438421 8.65615 8.591623 8.610937 8.490816 8.525252 8.525126 8.582143 8.492462 8.577889 8.482 8.4565 8.501016 8.464796 8.353536 8.268317 8.297029 8.714778 8.470444 8.420202 8.586225 8.675385 8.221939 8.40153 8.393137 8.11875 8.043415 7.942857 7.849505 7.904951 7.729703 7.755224 7.82657 7.768116 7.632367 7.601961 7.563415 7.466825 7.220953 7.209524 7.341706 7.498585 7.610849 7.581991 7.300467 7.417757 7.242857 7.535071 7.563942 7.417561 7.232195 7.526471 7.238235 7.772277 7.627053 7.930612
7.299498 7.3705 7.3425 7.411 7.469652 7.464039 7.634 7.671642 7.66601 7.73202 8.075257 8.201047 8.395722 8.32 8.34555 8.534575 8.610582 8.482474 8.411675 8.520707 8.558794 8.525758 8.42189 8.509046 8.464321 8.516666 8.490355 8.467005 8.342211 8.343781 8.399005 8.632353 8.512872 8.441414 8.290356 8.290306 8.221939 8.40153 8.393137 8.11875 8.043415 7.942857 7.849505 7.904951 7.729703 7.755224 7.82657 7.768116 7.632367 7.601961 7.563415 7.371015 7.447847 7.520574 7.44067 7.491469 7.272807 7.579821 7.387168 7.543363 7.434802 7.384793 7.364423 7.367327 7.193103 7.296586 7.160975 7.490955 7.720304 7.718653
7.183824 7.152195 7.149756 7.246341 7.411274 7.4 7.399034 7.490291 7.572195 7.663054 8.011856 8.152356 8.20733 8.29421 8.276042 8.493617 8.604813 8.480829 8.422959 8.463636 8.49799 8.516751 8.445226 8.448484 8.438889 8.447474 8.432487 8.370352 8.309547 8.250249 8.330693 8.511386 8.447236 8.450769 8.3025 8.407071 8.313198 8.833503 8.164904 8.014564 7.959314 7.983168 7.883251 7.991133 7.787192 7.652217 7.728641 7.612621 7.536232 7.521531 7.50628 7.371015 7.447847 7.520574 7.44067 7.491469 7.272807 7.579821 7.387168 7.543363 7.434802 7.384793 7.364423 7.367327 7.448259 7.177723 7.639604 7.657287 7.919697 7.608718
7.187685 7.3005 7.445 7.381773 7.348529 7.244231 7.303846 7.332057 7.433333 7.721 7.989691 8.079687 8.223158 8.33351 8.389894 8.44734 8.48883 8.532291 8.360606 8.449495 8.514796 8.3255 8.365 8.3835 8.3995 8.349254 8.317413 8.382323 8.375634 8.4 8.448979 8.390306 8.324873 8.32551 8.316257 8.4805 8.411 8.166667 8.09108 8.087379 8.042157 7.867961 7.799029 8.034159 7.806436 7.683744 7.759223 7.586667 7.637915 7.695238 7.531401 7.342029 7.382125 7.585577 7.382464 7.450953 7.325229 7.189908 7.080357 7.207589 7.333755 7.687156 7.495794 7.692118 7.448259 7.177723 7.639604 7.657287 7.919697 7.608718
7.182759 7.3345 7.36 7.4225 7.376847 7.411274 7.302404 7.336232 7.426699 7.7055 7.786935 7.919388 8.1 8.181771 8.316931 8.335263 8.376842 8.463212 8.392894 8.3405 8.337688 8.348241 8.318906 8.275125 8.260696 8.431818 8.253732 8.406122 8.376531 8.346939 8.341837 8.310205 8.179397 8.17 8.335266 8.15545 8.272727 8.279126 8.088835 8.067805 8.166832 8.085644 7.887981 7.915534 7.732367 7.764734 7.998068 7.862136 7.625121 7.507692 7.508696 7.414692 7.390338 7.451457 7.317789 7.488942 7.60625 7.309091 7.046047 7.283721 7.458475 7.496552 7.533772 8.062559 7.963184 7.418905 7.561194 7.863207 7.580952 7.618877
7.200492 7.378 7.32 7.334826 7.282353 7.420297 7.459702 7.465346 7.471428 7.553202 7.661881 7.79799 7.921429 7.981026 8.266666 8.180829 8.371728 8.456995 8.392347 8.311111 8.318274 8.2175 8.198515 8.15297 8.112871 8.3 8.189054 8.314213 8.283756 8.223232 8.1215 8.106 8.120895 8.191585 8.354106 8.321951 8.52587 8.273367 8.314071 8.062981 8.071078 8.001471 7.900486 8.025366 7.902956 7.857143 7.712255 7.604369 7.56087 7.469856 7.524155 7.547369 7.383092 7.352174 7.287143 7.314286 7.361137 7.348826 7.043891 6.9819 7.691151 7.329646 7.15708 7.404129 7.551942 7.189855 7.286473 7.503738 7.37767 7.589286
7.235468 7.368159 7.364179 7.387562 7.394059 7.44802 7.550754 7.617172 7.439216 7.510838 7.606404 7.654229 7.874619 7.986154 8.106807 8.22963 8.346276 8.327084 8.246939 8.142929 8.319689 8.265817 8.139604 8.119 8.1275 8.302526 8.166 8.1405 8.211617 8.156566 8.166667 8.142929 8.164 8.356931 8.254369 8.4235 8.236 8.057425 8.287128 7.944076 7.966986 7.913043 7.827885 7.989268 7.81122 7.662439 7.643204 7.642233 7.658454 7.608572 7.684951 7.530244 7.347596 7.571078 7.671359 7.505797 7.266346 7.133803 7.172851 7.349767 7.316279 7.535981 7.621495 7.457407 7.370142 6.935681 7.081132 7.387736 7.632683 7.551531
7.266667 7.372362 7.438694 7.403015 7.462814 7.525126 7.551256 7.523 7.50594 7.6125 7.5685 7.684343 7.78731 8.005699 8.14709 8.247594 8.092709 8.272165 8.053267 8.018593 8.137755 8.158163 7.993069 8.041791 8.050249 8.210553 8.256923 8.319171 8.20153 8.126263 8.03 8.0275 8.113931 8.246798 8.150242 8.138 8.062 7.747343 8.090338 7.943868 7.857076 7.893839 8.069268 7.727962 7.876328 7.622222 7.667961 7.550732 7.582524 7.565701 7.556863 7.572549 7.443602 7.42069 7.480488 7.348293 7.1625 7.103738 7.119444 7.280282 7.367925 7.241314 7.093427 6.998157 7.135211 6.921127 7.000922 6.903687 7.202325 7.963077
7.430457 7.371859 7.454545 7.40303 7.40804 7.402 7.522222 7.515578 7.561809 7.535678 7.519598 7.654315 7.692894 7.957895 8.000529 8.06508 7.98866 8.066154 8.027551 7.940909 8.135752 8.227604 8.166327 8.125126 8.102031 8.099492 8.243299 8.263541 8.128718 8.128205 8.067513 8.0445 8.119 8.012315 8.015942 7.928713 7.85297 7.794686 8.02657 7.813679 7.827619 7.966029 8.042647 7.793659 7.746829 7.669268 7.601951 7.613862 7.62451 7.60049 7.495098 7.61133 7.418224 7.601478 7.333659 7.163285 7.085782 7.074648 7.126667 7.055502 7.362857 7.19717 7.19619 7.311267 7.271101 7.110092 7.21 7.209091 7.47788 7.422066
7.430457 7.371859 7.454545 7.40303 7.40804 7.402 7.522222 7.515578 7.561809 7.535678 7.519598 7.692307 7.646193 7.862304 7.98617 8.027659 7.903608 7.830102 7.87449 7.822222 7.93282 8.034715 8.047692 8.041709 7.968182 7.960101 8.259474 8.288421 8.201036 8.121939 7.907426 7.943564 8.019307 7.854146 7.862802 7.882673 7.742364 7.654286 7.686666 7.949524 8.051429 8.023077 8.031068 7.630882 7.582843 7.697073 7.691707 7.65 7.54 7.514146 7.448293 7.506341 7.551231 7.731683 7.328365 7.192307 7.216588 7.12811 7.238536 7.015122 7.398537 7.064762 6.988263 7.289671 7.376037 7.28271 7.257944 7.778038 7.529768 7.440566
7.82957 7.865054 7.54718 7.553846 7.479082 7.389447 7.420603 7.452764 7.468182 7.547716 7.577665 7.692307 7.646193 7.862304 7.98617 8.027659 7.903608 7.830102 7.87449 7.822222 7.93282 8.034715 8.047692 8.041709 7.968182 7.960101 8.259474 8.288421 8.201036 8.121939 7.907426 7.943564 8.019307 7.854146 8.222885 7.914141 7.829293 7.679803 7.637255 7.845098 7.923558 7.780383 7.833493 7.831863 7.717647 7.640887 7.636453 7.51561 7.488835 7.458937 7.46699 7.417961 7.392647 7.651471 7.492537 7.429798 7.195122 7.137019 7.136097 7.107805 7.022488 7.028774 7.079904 7.103791 7.145116 7.351905 7.130144 7.69814 7.121861 7.324645
7.81383 7.876882 7.868817 7.916129 7.793048 7.715958 7.711111 7.762234 7.765079 7.98 8.032973 7.771204 7.808377 7.876316 7.899471 7.735567 7.670051 7.705102 7.77551 7.780612 7.848718 7.836735 7.872449 7.847739 7.919 7.869 8.191052 8.152604 8.312698 8.316316 8.124366 7.940299 7.922388 7.807805 8.222885 7.914141 7.829293 7.679803 7.637255 7.845098 7.923558 7.780383 7.833493 7.831863 7.717647 7.640887 7.636453 7.51561 7.488835 7.458937 7.582439 7.457143 7.341177 7.553922 7.462189 7.388384 7.265025 7.266827 7.26555 7.107042 7.167136 6.929167 7.129524 7.057009 7.064651 7.157346 7.041905 7.467476 7.250485 7.18134
7.869681 7.835639 7.915676 7.828649 7.772581 7.62963 7.657447 7.773656 7.848387 7.888649 7.922703 7.702105 7.827513 7.775521 7.756995 7.675898 7.680102 7.585859 7.689286 7.678173 7.708122 7.781123 7.875773 8.148149 8.170899 8.188889 8.278075 8.034197 8.134211 8.11421 7.870051 7.873632 7.983085 7.89801 7.857 7.946766 7.799005 7.561951 7.57549 7.732353 8.038049 7.756731 7.786473 7.732058 7.6665 7.574877 7.556158 7.48 7.430435 7.546377 7.582439 7.457143 7.341177 7.553922 7.462189 7.388384 7.265025 7.266827 7.26555 7.107042 7.167136 6.929167 7.129524 7.339535 7.09266 7.077064 7.432536 7.530244 7.249756 7.253961
