data/maps/prcp.txt
ncols         643
nrows         661
xllcorner     8515.9999992024
yllcorner     47670.999937602
cellsize      1000
NODATA_value  -9999
[rows 186 to 216 of 661, columns 280 to 349 of 643]
10.92486 10.9266 11.06702 10.78684 10.7963 10.82798 10.71709 10.71701 10.71443 10.58923 10.38782 10.44082 10.46205 10.54555 10.5867 10.45562 10.54785 10.51559 10.57377 10.45738 10.3694 10.41803 10.65628 10.75307 10.59157 10.67966 10.71341 10.11053 10.57211 10.6612 10.86842 10.97574 10.97904 11.21928 12.08072 10.43925 10.71657 10.96647 10.748 10.98047 10.93373 11.20059 11.21798 10.64255 10.81359 10.89838 10.78371 12.00833 11.58204 11.58438 11.53518 11.01638 10.89837 10.54167 10.72529 10.67758 10.50122 10.05439 9.884 9.442246 9.51016 9.090576 8.904891 8.790322 8.743589 8.793264 8.41 8.136315 8.193122 7.730303
10.71568 10.71774 10.91989 10.73138 10.80635 10.94974 10.77085 10.54093 10.50311 10.51198 10.4799 10.41333 10.37268 10.35573 10.17296 10.65323 10.23906 10.21969 10.46684 10.50978 10.49784 10.82444 10.68389 10.70833 10.70782 10.61067 10.764 10.44754 10.81093 10.66313 11.16667 11.25427 11.19524 10.79385 11.44022 10.33834 10.67877 10.75227 11.04588 11.29878 11.25723 11.57831 11.11844 11.08066 11.16056 11.03791 11.06667 10.95611 11.34497 11.52327 11.48758 10.51778 10.75537 10.52053 10.64057 10.69325 10.5638 10.00585 9.8269 9.404396 9.786021 9.327419 8.904325 8.891397 8.743589 8.793264 8.41 8.136315 8.193122 7.730303
10.71568 10.71774 10.89126 11.08122 10.78191 10.93403 10.74975 10.66406 10.45365 10.4356 10.41701 10.41582 10.38426 10.22239 10.3697 10.29171 10.46021 10.38041 10.50737 10.45989 10.37796 10.83478 10.57772 10.63626 10.54457 10.77697 10.876 10.79663 11.01348 10.91333 10.90847 11.49691 11.41786 11.46875 11.6474 11.24335 11.17929 10.95965 11.40491 11.31667 11.28072 11.50723 10.81011 11.22151 11.27267 10.92857 11.3645 11.47515 11.4908 11.31677 11.45155 10.84012 11.18303 10.42316 10.38389 10.57289 10.59818 10.32824 10.0133 9.46413 9.817391 9.33587 8.888947 8.773822 8.549246 8.844846 8.514584 8.048437 8.070313 7.796464
10.71892 10.75792 10.89126 11.08122 10.78191 10.93403 10.74975 10.66406 10.45365 10.4356 10.41701 10.41582 10.44677 10.62386 10.52513 10.49744 10.37449 10.8246 10.7288 10.53946 10.39005 10.6615 10.55294 10.49946 10.69833 10.82034 11.01371 10.91878 10.74011 10.64118 10.97072 11.64877 11.75988 11.64884 11.55422 11.43494 11.6378 11.30585 10.64807 11.38957 11.13953 11.075 10.95795 11.26667 11.50592 10.78307 11.25569 11.93395 11.29568 11.52839 11.24419 11.5897 11.10727 10.72317 10.81159 10.37711 10.28614 10.01696 9.591713 9.674864 9.835829 9.384492 8.920207 8.724103 8.690722 8.46802 8.650794 8.06508 8.087301 8.220725
10.86885 10.93812 10.83978 10.96611 11.08011 10.86191 10.90785 10.78989 10.53138 10.63138 10.61361 10.63814 10.44677 10.62386 10.52513 10.49744 10.37449 10.8246 10.7288 10.53946 10.39005 10.77433 10.68138 10.59362 10.87778 10.97443 10.98 10.89661 10.7373 11.2227 10.87861 11.70491 11.49755 11.46265 11.56768 11.60732 11.42176 11.15281 10.66685 11.19643 11.15087 10.95665 11.24821 11.15089 11.48588 11.05137 11.74379 11.60798 11.14049 11.57081 11.57831 11.35366 10.9184 10.72256 10.57239 10.60301 10.18023 10.11561 9.679889 9.762857 9.291192 9.068912 8.943814 8.763918 8.497959 8.367876 8.356316 8.134737 8.098421 7.925907
10.96703 11.25278 11.03611 10.94667 11.10111 10.80909 10.77672 10.78564 10.57326 10.63957 10.57263 10.55544 10.70208 10.74158 10.62304 10.47461 10.90432 10.725 10.32353 10.37647 10.40785 10.77433 10.68138 10.59362 10.87778 10.97443 10.98 10.89661 10.7373 11.51829 11.22816 11.55244 11.68125 11.71688 11.27811 11.30414 11.29286 11.36936 10.59946 10.96118 10.92241 11.34583 10.95298 11.33631 11.10955 10.97528 11.61964 11.57169 11.24337 11.12147 11.63171 11.35515 10.95644 10.76402 10.41386 10.63353 10.08953 9.638286 9.520904 9.635955 9.72191 9.038251 9.346448 8.81066 8.708673 8.628497 8.396858 8.080105 8.190576 7.992188
10.83797 10.92513 11.13405 10.96486 11.05 10.84973 10.70319 10.6127 10.64355 10.59247 10.6 10.60847 10.56073 10.6766 10.64628 10.68075 10.61892 10.75924 10.4127 10.46984 10.29492 10.66455 10.57326 10.67312 10.94341 11.16592 11.19774 11.06057 11.048 11.51829 11.22816 11.55244 11.68125 11.71688 11.27811 11.30414 11.29286 11.44444 11.16163 11.30617 11.21273 11.53212 11.08182 11.58606 10.91768 11.06264 11.67844 10.95417 11.15714 11.17205 11.40741 10.66136 10.40838 11.02952 10.62952 10.04912 10.20173 9.83427 9.593296 9.543259 9.27348 8.871585 8.969945 8.473232 8.339175 8.300518 8.359686 8.164737 8.388947 7.794359
10.83696 10.89459 10.81693 10.95026 10.81632 10.70632 10.72781 10.62834 10.69144 10.51016 10.51658 10.55926 10.48342 10.36923 10.63617 10.59086 10.68226 10.75745 10.58995 10.57394 10.48601 10.46718 10.96902 10.92582 10.96333 11.05833 11.34743 11.40473 11.41747 11.63373 11.79012 11.80432 12.14452 11.85096 11.68712 11.34096 11.41807 11.44444 11.16163 11.30617 11.21273 11.53212 11.08182 11.58606 10.66868 11.00447 11.72195 10.88916 11.30435 11.09317 11.13951 10.62093 10.55625 10.13716 10.4017 9.919298 10.11724 10.035 9.831111 9.465364 9.126111 8.868132 8.935715 8.464324 8.41087 8.305264 8.227835 7.939086 8.425381 7.876142
11.18603 11.115 10.75421 10.90316 10.84316 10.83704 10.88984 10.74866 10.62957 10.50588 10.57166 10.60476 10.57876 10.44949 10.33503 10.62737 10.69786 10.75722 10.475 10.4822 10.47772 10.63073 11.06813 10.96703 11.07584 11.18239 11.25115 11.33059 11.56 11.62346 11.56481 11.99615 11.96731 12.05096 11.96975 11.75758 11.63758 11.28851 11.05 11.48987 11.3 11.55325 11 11.47456 10.66868 11.00447 11.72195 10.88916 11.30435 11.09317 11.13951 10.39828 10.444 9.954839 10.06536 9.834286 9.860674 9.585083 9.418436 9.189385 9.005555 8.854696 8.716575 8.523757 8.408153 8.276166 8.389175 7.919212 8.179208 7.976733
11.30113 11.29432 10.82043 11.13871 10.93 10.85904 10.69053 10.71058 10.66398 10.53333 10.71667 10.53646 10.37889 10.44646 10.46904 10.6544 10.59275 10.44588 10.33179 10.55625 10.67368 10.82649 10.83622 10.78919 11.32529 11.15829 11.25723 11.38176 11.35714 11.46747 11.51928 11.78662 11.88025 11.96519 12.05897 11.91384 11.21976 11.31353 10.98304 11.49379 11.13314 11.57514 11.14046 11.50058 10.92135 11.20119 11.16196 10.65569 10.5907 10.85814 10.5625 10.39828 10.444 9.954839 10.06536 9.834286 9.860674 9.717778 9.448587 9.157304 8.851912 8.746449 8.526923 8.398901 8.264674 8.092064 7.948718 8.043283 7.902913 7.869903
11.22541 11.22303 10.86183 10.71414 10.67382 10.84787 10.81667 10.6957 10.64731 10.47005 10.68717 10.29278 10.42462 10.20895 10.3995 10.35445 10.36502 10.03382 10.28182 10.47629 10.54508 10.84064 10.93261 11.20838 11.36667 10.90267 11.13591 11.69467 11.81219 11.72699 11.64969 11.61852 11.86923 11.82102 11.88461 11.46541 11.5434 11.4184 11.59114 11.53608 11.15864 11.0625 11.20904 10.65254 10.72955 11.13136 11.04451 10.63455 10.075 10.44556 10.18272 10.47771 10.47443 10.17624 9.767404 9.640555 9.903889 9.717778 9.448587 9.157304 8.851912 8.746449 8.526923 8.227749 8.142328 8.004232 7.694445 7.815228 7.703553 7.717259
11.14556 11.08167 10.80595 10.60781 10.65104 10.54767 10.9 10.87473 10.63883 10.55615 10.46738 10.66043 10.45131 10.5555 10.43674 10.36231 10.14078 10.20194 10.25 10.25245 10.3532 10.84817 10.60423 10.79728 10.9457 11.28619 11.50857 11.66012 11.65092 11.52883 11.55828 11.59325 12.08141 12.16051 12.09804 11.56752 11.52595 11.48165 11.50516 11.32038 10.97394 11.2135 10.49425 10.87701 11.16497 10.92155 11.23374 10.85123 10.31934 10.62762 9.925532 9.986188 9.867582 9.915819 9.677402 10.028 9.715117 9.462069 9.110056 9.164246 9.072222 8.678572 8.500549 8.227749 8.142328 8.004232 7.694445 7.815228 7.703553 7.584127
11.14556 11.1558 10.99005 11.15397 11.21217 10.81269 10.90521 11.01429 10.96043 10.65615 10.70856 10.64492 10.53263 10.54521 10.5861 10.38912 9.945673 10.10481 10.2201 10.335 10.32139 10.8873 10.72781 10.83552 10.8663 11.35322 11.49222 11.89317 11.73476 11.57012 11.49207 11.60062 12.0968 12.05385 11.63797 11.48994 11.62143 11.47857 11.50323 11.17799 11.05679 11.13875 10.89434 11.46038 11.54688 10.31989 10.72744 10.66646 10.36512 10.14941 10.02294 10.05148 9.655682 9.627684 9.634659 9.533523 9.463953 9.36185 9.106145 9.157222 9.037363 8.726374 8.361749 8.574863 8.029382 7.93282 8.015344 7.764362 7.574731 7.584127
11.09556 11.1558 10.99005 11.15397 11.21217 10.81269 10.90521 11.01429 10.96043 10.65615 10.70856 10.66216 10.72406 10.79626 10.88978 10.56477 10.40296 10.47537 10.45178 10.44072 10.27716 10.3665 10.45684 10.86685 10.73631 11.12035 11.3645 11.66024 11.45882 11.83478 12.03226 11.98968 11.64286 11.94459 11.60812 11.57547 11.45796 11.24013 10.94063 11.25937 10.9443 10.91783 10.80127 10.71146 10.70641 10.58481 10.42099 10.07235 10.17337 9.839881 10.13512 10.23373 9.667614 9.505494 9.534806 9.179558 9.077838 8.897802 9.141666 9.018132 8.810439 8.51694 8.32873 8.19011 7.980435 7.88054 7.743478 7.554945 7.312432 7.143684
10.91011 10.81728 10.94 10.9262 11.1139 11.08705 10.91885 10.79894 10.72766 10.84011 10.70324 10.66216 10.72406 10.79626 10.88978 10.56477 10.40296 10.47537 10.45178 10.44072 10.41289 10.48646 10.36283 10.87444 10.8 11.16057 11.0678 11.0162 11.55059 12.07278 12.13203 11.94641 11.58075 11.45273 11.55432 11.39051 11.08075 11.05342 10.95652 11.48176 10.83758 10.77516 10.52152 10.49554 10.48217 10.62785 10.1982 9.933908 10.205 9.351111 10.13077 9.841208 9.660656 9.614754 9.56906 9.218784 9.261703 9.053005 8.941667 8.679889 8.453333 8.258791 8.121311 8.134078 7.797802 7.764286 7.635359 7.423077 7.093684 7.060733
10.95645 11.02312 10.93298 10.76296 10.89577 11.07083 10.67778 10.86406 10.73545 11.03022 11.07778 10.92667 10.93297 10.63457 10.76277 10.83854 10.52741 10.41726 10.44021 10.4285 10.41289 10.48646 10.36283 10.87444 10.8 11.16057 11.0678 11.0162 11.17471 11.52099 11.82308 11.67821 11.6525 10.6095 11.71562 11.27453 10.9589 11.15528 10.7441 11.09627 10.51198 10.68303 10.35828 10.38987 10.3943 10.3535 10.15549 9.761143 9.428649 9.399471 9.47672 9.846276 9.876316 9.667357 9.658422 9.645162 9.407291 8.786979 8.840331 8.638203 8.407345 8.253107 8.068334 7.870879 7.863536 7.570109 7.435135 7.342781 7.121354 7.043367
11.06758 11.12928 10.82781 10.78307 10.91105 11.24737 10.86735 10.93613 11.04054 11.06339 11.01732 10.95587 11.22022 10.96885 11.06721 11.05217 10.6164 10.69153 10.41443 10.38402 10.46859 10.48519 10.50107 10.66978 10.81889 11.05389 11.0096 11.08728 11.17471 11.52099 11.82308 11.67821 11.6525 10.6095 11.71562 11.27453 10.48779 11.07622 10.57256 10.58242 10.52575 10.25029 10.36364 10.16807 10.36325 9.724404 9.917964 9.846471 9.821637 9.947059 9.219893 9.199462 9.424865 8.981383 9.038333 8.992778 9.376064 8.479787 8.447222 8.267598 8.317614 8.162147 7.938548 7.714286 7.695055 7.678142 7.690322 7.492308 7.390863 7.213706
11.13946 11.16022 11.02787 10.74974 10.80632 10.97842 11.1984 10.94115 10.84948 10.93207 11.0489 10.87692 11.22768 11.0676 11.07486 10.88197 10.8212 10.42188 10.3625 10.42461 10.45158 10.68098 10.56196 10.56593 10.69558 10.38272 10.86833 11.47874 11.8071 11.61951 11.72721 11.59241 11.20549 10.42778 10.96647 10.78047 10.48779 11.07622 10.57256 10.58242 10.52575 10.25029 10.36364 9.735228 9.732387 9.586127 9.610983 9.682941 9.205917 9.185715 8.776087 8.835326 9.104469 9.023034 8.649721 8.583889 8.954144 8.714917 8.274576 8.29548 8.314285 8.396 7.935058 7.656353 7.442473 7.358919 7.469022 7.427895 7.296907 7.157653
10.81606 10.94893 10.95135 10.77606 10.77579 10.84789 11.02737 10.92932 11.07807 11.00645 11.14208 10.88251 11.09661 11.10113 11.08212 10.98011 10.99333 10.53842 10.52632 10.65297 10.60865 10.72983 10.77263 10.72444 11.02832 10.70112 11.34973 10.99368 10.8883 11.21326 10.81437 10.86746 10.67278 10.848 11.28382 10.90517 10.26667 10.41156 10.31156 10.0436 10.20867 10.16307 9.860116 9.735228 9.732387 9.586127 9.610983 9.682941 9.542857 9.185715 9.292982 9.263742 8.648555 8.797059 8.757895 8.673142 8.806857 8.654749 8.081564 8.321348 8.183708 8.054545 7.956818 7.637912 7.513115 7.431694 7.295652 7.35 7.235676 7.083854
11.00937 10.84681 10.78298 10.78235 10.73158 10.86684 11.15602 11.06984 10.96898 10.8371 10.95163 11.19096 11.06384 11.05028 11.04101 11.01404 11.06102 11.01742 11.13876 10.84556 10.8882 10.89545 10.88686 10.93161 10.97778 10.88713 10.64859 11.70497 10.70387 10.78254 10.57598 10.69364 10.45202 11.06723 10.31429 10.95143 10.30517 10.01011 9.927528 9.98844 10.31329 10.07444 9.876879 9.813793 9.489785 9.763979 9.852973 9.381915 9.332023 9.023077 9.292982 9.263742 8.648555 8.797059 8.757895 8.673142 8.806857 8.212359 8.126966 8.134857 8.085632 7.825698 7.789071 7.650516 7.904301 7.659782 7.353261 7.242076 7.193443 7.011765
10.87211 11.00163 10.78085 10.68368 10.64421 10.8279 11.0474 10.96561 10.94086 10.9989 11.00765 10.96556 10.91444 10.81934 10.84246 10.72111 10.78764 10.74101 10.83539 10.79716 10.71875 10.59153 10.71552 10.65172 10.68779 11.11111 10.34088 10.67901 10.76393 9.723383 10.51902 10.97443 10.22045 10.74 10.2809 10.56349 10.15028 9.834857 9.72809 9.845506 9.828735 9.945856 9.746111 9.608603 9.839286 10.16735 10.00055 9.72 9.252353 8.894012 8.560819 8.729825 8.533526 8.602353 8.518128 8.334104 8.197701 8.212359 8.126966 8.134857 8.085632 7.825698 7.789071 7.72258 7.731052 7.333503 7.521276 7.426344 7.395109 7.199468
11.13871 11.10601 10.83263 11.07861 10.77166 10.78942 10.7963 11.05668 10.95054 11.00112 11.0264 10.88436 10.86257 11.1 11.02416 10.86034 10.73111 10.8382 10.70393 10.56215 10.79714 10.7523 10.73526 10.72267 10.65174 11.29379 10.79438 10.23533 10.4712 9.796517 10.87314 10.40862 10.78276 10.80173 9.9 10.4459 9.923295 10.01796 9.700599 10.06587 9.738729 9.563128 9.544324 9.915873 9.996569 9.439706 9.317033 9.169047 8.902959 8.897634 8.760355 8.422034 8.549152 8.372527 8.466666 8.531395 8.220115 8.106742 7.89045 7.924 7.826857 7.61 7.626229 7.72258 7.731052 7.333503 7.521276 7.426344 7.395109 7.27801
10.85326 10.91042 10.95729 10.95691 10.6582 11.09618 10.90164 11.07802 10.8956 10.97697 11.0661 10.82584 10.89438 10.89157 10.88427 10.77207 10.73425 10.87989 10.78343 10.66971 10.83886 10.70343 10.82059 10.68353 10.58647 10.32343 11.12686 9.996517 9.587379 9.491089 10.42045 9.994286 10.18514 9.759195 9.960345 10.0092 9.833139 9.637059 9.540829 9.844971 9.557542 9.552809 9.704325 9.553961 10.20995 9.124876 9.094382 8.922024 8.832353 8.748296 8.506667 8.597802 8.497252 8.604278 8.473404 8.491477 8.233522 8.244506 7.851648 7.985165 7.743243 7.663187 7.583978 7.695531 7.62337 7.852332 7.49641 7.427551 7.285641 7.27801
10.85326 10.91042 10.95729 10.95691 10.6582 11.09618 10.90164 11.07802 10.8956 10.97697 10.96517 10.92921 10.79663 10.83743 10.74278 10.79888 10.72376 10.76425 10.68636 10.65511 10.6454 10.89461 10.78909 10.67048 10.68623 10.7092 11.08537 10.98324 9.934328 9.745686 10.38457 10.03886 10.18533 9.608743 10.22134 10.30606 9.863428 9.639881 9.465269 9.25988 9.657396 9.545403 8.970707 8.971569 10.0116 9.338636 8.744886 8.727058 8.851765 8.783146 8.726257 8.723118 8.860753 9.117205 8.432461 8.433523 8.310796 8.458602 7.847849 8.132795 7.930208 7.884408 7.813966 7.743258 7.606486 7.863158 7.857653 7.669192 7.446193 7.276289
10.60324 11.06302 10.98103 11.16952 11.04438 10.95683 10.91093 10.80332 11.01508 10.88427 10.96517 10.92921 10.79663 10.83743 10.74278 10.79888 10.72376 10.76425 10.68636 10.71861 10.70714 10.83415 10.63254 10.73882 11.00606 10.54785 10.57853 10.52426 10.83851 10.25213 10.36457 9.780459 9.37037 9.6221 9.743976 10.01576 10.25407 9.931818 9.459064 9.140351 9.478182 9.752514 9.102618 9.280571 9.076744 8.669767 8.52907 8.557558 8.69422 8.539344 8.463636 8.446561 8.898942 8.581219 8.338421 8.328249 8.206215 8.280978 8.134946 8.270431 8.158422 8.094086 7.949444 7.855056 7.975281 7.969444 7.930435 7.740642 7.831183 7.65544
10.93425 11.29669 10.95053 11.21749 11.844 11.82429 11.6322 10.825 11.19111 10.78883 10.85141 10.85085 10.70559 10.90335 10.75944 10.85424 11.0093 10.89825 10.71047 10.71861 10.70714 10.83415 10.63254 10.73882 11.00606 10.54785 10.57853 10.52426 9.856977 10.06875 9.720967 10.2131 9.85148 10.18047 9.443453 9.737267 10.08221 9.340642 9.415643 10.08187 9.31375 9.856173 8.884482 8.884795 8.868862 8.703593 8.73787 8.751744 8.549418 8.422544 8.403955 8.424157 8.418681 8.673077 8.373369 8.460227 8.31356 8.304372 8.330526 8.383684 8.266137 8.116402 8.150556 8.050282 8.016949 7.868156 8.032402 7.89 7.735714 7.721739
10.79389 11.03667 10.99835 11.05531 11.1875 11.24856 11.30636 11.43452 11.75029 11.08729 10.79834 10.78667 10.82123 10.85922 10.82114 10.87706 10.75176 10.77262 10.5369 10.54702 10.52108 10.60599 10.21371 10.31943 10.67024 10.33795 10.17914 10.24847 9.856977 10.06875 9.720967 10.2131 9.85148 10.18047 9.443453 9.449383 9.629012 9.58 10.06391 9.525466 9.142858 9.4 8.948619 9.234303 8.724852 8.602381 8.808333 8.911628 8.763006 8.725 8.544067 8.917514 8.658564 9.035359 8.789071 8.549724 8.376966 8.185636 8.137305 8.396373 8.554974 8.484574 8.524862 8.382967 8.25683 8.003279 8.132585 8.01989 7.9 7.941573
10.86556 10.85519 10.84239 10.88895 11.40116 11.48412 11.24852 11.36036 11.12326 11.21445 11.11808 11.0581 11.00739 10.76298 10.99195 10.95588 10.83832 10.76506 10.22249 10.34615 10.52367 10.54503 10.06136 10.116 10.4142 10.13713 9.92 9.846386 9.6071 9.709356 9.513889 10.06095 9.516568 9.914706 9.354762 9.449383 9.629012 9.58 10.06391 9.525466 9.142858 9.4 8.948619 9.056 9.013514 8.461621 9.306025 8.764458 8.945783 8.709091 8.487079 8.378333 8.400543 9 8.70421 8.674457 8.592737 8.434254 8.254395 8.262903 8.555914 8.460938 8.56875 8.565445 8.485561 8.12579 8.113756 8.152688 8.118681 8.043169
10.88034 11.09111 10.71309 11.17191 11.19302 11.10526 11.18059 11.45824 11.07584 10.8547 11.13546 11.13895 10.92159 10.58011 10.61469 10.628 10.80952 10.68121 10.27337 10.20588 10.23235 10.31454 10.05434 10.13873 10.35325 9.993452 10.09524 9.530232 9.482142 9.519278 9.605952 9.645349 9.732749 9.216471 9.37 9.155688 9.131289 9.470807 9.375449 8.904192 9.382036 9.295055 9.0745 9.056 9.013514 8.461621 9.306025 8.764458 8.945783 8.709091 8.471354 8.515544 8.513266 8.540816 9.579274 8.917838 8.672826 8.832621 8.913736 8.573514 8.425946 8.360428 8.398429 8.378061 8.408629 8.465128 8.306666 8.414508 8.166667 7.977604
10.73855 11.07039 10.80216 11.05169 11.06243 10.95723 10.92376 11.23867 10.53246 10.56316 10.75202 10.78882 10.79471 11.19586 11.18935 10.45966 10.6 10.30714 10.09716 10.60578 10.88728 10.73468 10.08864 9.938235 9.78647 9.902976 9.518563 9.695808 9.288823 9.322561 9.515951 9.413954 9.476745 9.084 9.329378 8.948 9.069375 8.893082 8.975308 8.977012 9.047701 9.136111 9.132843 9.117822 9.255494 8.616111 9.265868 8.805988 9.200603 9.187006 8.471354 8.515544 8.513266 8.540816 9.579274 8.917838 8.629255 8.718878 9.067693 9.078307 8.539682 8.630482 8.291579 8.371204 8.428205 8.33604 8.221649 8.492784 8.435052 8.365789
10.66111 10.78111 10.88927 11.00057 11.10174 11.07018 11.15439 11.32866 11.01437 11.18114 10.78353 10.83855 10.73313 10.6125 10.74048 10.68882 10.40714 10.15689 9.940224 9.8 10 9.542079 9.512234 10.06176 9.78647 9.465294 9.517159 9.378698 9.171084 8.968072 8.922485 9.177907 9.244633 8.759887 8.804545 9.13924 8.907595 9.123603 9.75679 8.803608 9.540556 8.956667 8.789583 8.740722 8.967033 8.736667 8.995652 9.142935 8.580338 9.015254 8.758974 8.456938 8.747369 9.482179 8.470792 8.498936 8.629255 8.718878 9.067693 9.078307 8.539682 8.630482 8.291579 8.875648 8.541837 8.627273 8.513115 8.72 8.633152 8.513369
