data/maps/prcp.txt
ncols         643
nrows         661
xllcorner     8515.9999992024
yllcorner     47670.999937602
cellsize      1000
NODATA_value  -9999
[rows 217 to 247 of 661, columns 140 to 209 of 643]
-9999 -9999 -9999 -9999 -9999 -9999 7.559524 7.658928 7.563905 7.640476 7.755689 -9999 -9999 -9999 -9999 -9999 -9999 -9999 -9999 -9999 -9999 -9999 -9999 -9999 -9999 -9999 -9999 -9999 -9999 -9999 -9999 -9999 -9999 -9999 -9999 8.78844 8.956141 8.921591 9.120115 9.082954 9.1875 9.153108 9.18644 9.181564 9.280899 9.398883 9.4 9.529834 9.628333 9.665922 9.70618 9.746629 9.788827 10.03815 10.11744 10.03006 10.01092 9.898305 9.931073 10.07931 10.1815 10.32614 10.05165 10.05055 9.84385 10.09297 10.09198 10.0615 10.08919 10.05707
-9999 -9999 -9999 -9999 -9999 7.468047 7.488758 7.576923 7.657738 7.705357 7.725749 7.806626 7.696429 -9999 -9999 -9999 -9999 -9999 -9999 -9999 -9999 -9999 -9999 -9999 -9999 -9999 -9999 -9999 -9999 -9999 -9999 -9999 -9999 -9999 -9999 -9999 8.93314 8.956897 8.989715 8.846111 8.911111 9.183616 9.20113 9.203911 9.293296 9.381667 9.538889 9.579445 9.652223 9.746629 9.78983 9.842046 9.810169 10.07035 10.02139 10.07035 10.03678 10.044 10.05257 10.12428 10.032 10.24114 10.30114 10.11722 10.02186 10.05297 10.53462 10.29451 10.1388 10.13552
-9999 -9999 -9999 -9999 -9999 7.504191 7.494675 7.565681 7.663095 7.741916 7.644379 7.785542 7.842073 7.764671 7.952727 8.064417 -9999 -9999 -9999 -9999 -9999 -9999 -9999 -9999 -9999 -9999 -9999 -9999 -9999 -9999 -9999 -9999 -9999 -9999 -9999 -9999 9.027486 9.120349 9.074713 8.872625 9.164572 9.294286 9.296022 9.25 9.333333 9.424023 9.594382 9.660674 9.770057 9.725281 9.784181 9.85 9.746067 10.12866 10.13099 10.07267 9.994253 10.06647 9.989142 9.960795 10.03068 10.13829 10.21136 10.04144 10.00601 9.965405 10.02811 10.01838 10.00757 10.16099
7.561818 7.650303 -9999 -9999 -9999 -9999 7.557831 7.590964 7.644311 7.75697 7.703593 7.708982 7.790964 7.804819 8.100617 8.147826 8.200617 8.17619 -9999 -9999 -9999 -9999 -9999 -9999 -9999 -9999 -9999 -9999 -9999 -9999 -9999 -9999 -9999 -9999 -9999 -9999 -9999 9.13815 9.135633 9.116 9.172571 9.232572 9.212995 9.189944 9.364773 9.540571 9.470786 9.567978 9.48 9.639326 9.773295 9.852 9.828409 9.778531 9.781356 9.999422 9.883523 9.898295 9.927841 9.936932 10.11034 10.075 10.29143 10.29435 10.23017 10.19556 10.21889 10.23611 10.23389 10.28324
7.738095 7.576744 7.499422 7.742073 -9999 -9999 7.629697 7.652121 7.736969 7.745509 7.738554 7.733333 8.043827 8.097546 8.160123 7.82948 7.774138 7.879885 7.941143 -9999 -9999 -9999 -9999 -9999 -9999 -9999 -9999 -9999 -9999 -9999 -9999 -9999 -9999 -9999 -9999 -9999 -9999 9.082081 9.242105 9.025989 9.029609 9.089944 9.088889 9.126111 9.26573 9.38764 9.387151 9.469832 9.544944 9.678409 9.699431 9.721023 9.864943 9.719663 9.707303 9.836364 9.875 9.739665 9.700556 9.807303 9.927684 9.952514 10.0067 10.17191 10.00989 10.05275 10.13867 10.25922 10.23799 10.19227
7.776506 7.699398 7.609036 7.747531 -9999 -9999 -9999 -9999 7.609468 7.634706 7.695858 7.6 7.9 7.887791 8.017442 7.933908 7.755367 7.818182 7.899432 7.997159 7.954494 8.135633 8.222544 8.496428 8.492899 -9999 -9999 8.546199 8.550292 -9999 -9999 -9999 -9999 -9999 -9999 -9999 -9999 -9999 9.146243 9.109143 8.940556 9.031111 9.09162 9.049724 9.135555 9.39435 9.364245 9.450279 9.481006 9.710857 9.788506 9.760571 9.952326 9.718539 9.713483 9.726404 9.70838 9.792135 9.843503 9.823033 9.85955 9.869832 9.820442 9.896685 9.928022 10.05028 10.12667 10.09006 10.06575 10.01421
7.946296 7.882099 7.742073 7.684337 7.747853 -9999 -9999 -9999 7.529651 7.53815 7.678236 7.720588 7.751445 7.703955 7.763842 7.741011 7.758757 7.858757 7.84972 7.849162 7.860556 7.910555 8.260116 8.231034 8.465882 8.511765 8.613609 8.515697 8.536047 8.705294 -9999 -9999 -9999 -9999 -9999 -9999 -9999 -9999 9.186628 9.134286 8.85989 8.952198 8.966851 9.106704 9.202809 9.382386 9.432769 9.557627 9.518539 9.697714 9.852023 9.884971 9.939306 9.761017 9.774576 9.68324 9.655 9.805057 9.783799 9.787709 9.733334 9.849162 9.910056 9.862431 9.922652 9.983978 10.12346 10.09444 10.08056 9.991758
7.966667 7.930247 7.860606 7.646154 7.734756 -9999 -9999 -9999 7.534682 7.611696 7.664118 7.734706 7.746552 7.724157 7.721348 7.647778 7.693407 7.942135 7.861111 7.759563 7.791758 7.913889 8.152 8.124859 8.144068 8.333333 8.333714 8.304545 8.317614 8.52069 8.460452 8.569886 8.838235 -9999 -9999 -9999 -9999 -9999 -9999 9.014124 8.980337 9.047752 8.987223 9.126405 9.313068 9.382386 9.432769 9.557627 9.518539 9.697714 9.852023 9.884971 9.939306 9.761017 9.774576 9.68324 9.655 9.805057 9.801676 9.793296 9.732223 9.795 9.78674 9.721858 9.836813 9.831694 9.903296 9.925275 9.896153 9.85163
7.941916 7.822754 7.903572 7.956024 7.796364 -9999 -9999 -9999 7.534682 7.611696 7.664118 7.734706 7.746552 7.724157 7.721348 7.647778 7.693407 7.942135 7.861111 7.759563 7.791758 7.913889 8.152 8.124859 8.144068 8.333333 8.333714 8.304545 8.317614 8.52069 8.460452 8.569886 8.838235 -9999 -9999 -9999 -9999 -9999 -9999 -9999 8.980337 9.047752 8.987223 9.126405 9.313068 9.402273 9.455682 9.544887 9.61875 9.75977 9.86185 9.85 9.856896 9.719101 9.744382 9.79774 9.654445 9.697222 9.801676 9.793296 9.732223 9.795 9.78674 9.721858 9.836813 9.831694 9.903296 9.925275 9.896153 9.85163
7.941916 7.822754 7.903572 7.956024 7.796364 -9999 -9999 -9999 7.535058 7.608621 7.638728 7.663006 7.742857 7.803933 7.805056 7.816111 7.701639 7.92809 7.798895 7.671351 7.684409 7.815847 7.976666 8.06257 8.252273 8.288636 8.318182 8.373714 8.400572 8.535795 8.542857 8.576437 8.778362 -9999 -9999 -9999 -9999 -9999 -9999 -9999 -9999 -9999 9.147753 9.266666 9.283146 9.572254 9.514857 9.562285 9.614857 9.724432 9.772572 9.657627 9.724432 9.737288 9.783051 9.719663 9.677653 9.755056 9.79382 9.726666 9.820111 9.800555 9.863334 9.824309 9.864088 9.793989 9.7625 10.00833 9.992222 9.805946
-9999 -9999 7.874405 8.108434 7.742262 -9999 7.591765 7.682353 7.683626 7.671098 7.620115 7.705781 7.733333 7.692857 7.746703 7.721858 7.766483 7.825414 7.653513 7.638503 7.629787 7.794565 7.99 8.097765 8.18764 8.255367 8.362286 8.428161 8.482183 8.559887 8.542614 8.679651 8.726163 8.729885 -9999 -9999 -9999 -9999 -9999 -9999 -9999 -9999 -9999 -9999 9.391429 9.509659 9.458523 9.364804 9.591573 9.620111 9.701694 9.675706 9.64045 9.768182 9.810227 9.692697 9.668715 9.801695 9.779214 9.803932 9.772626 9.703297 9.814364 9.741758 9.752748 9.855248 9.89116 9.633155 9.687166 9.507895
-9999 -9999 7.877976 8.069822 7.771598 7.691716 7.684524 7.784524 7.677326 7.656322 7.695954 7.732759 7.721229 7.696196 7.723913 7.627419 7.593085 7.667914 7.694623 7.604233 7.534896 7.801075 7.953297 8.012155 8.09 8.288136 8.283146 8.360228 8.550574 8.49435 8.551704 8.551704 8.582954 8.701149 -9999 -9999 -9999 -9999 -9999 -9999 -9999 -9999 -9999 -9999 -9999 9.390909 9.359887 9.33352 9.45419 9.428492 9.507303 9.686363 9.671186 9.672317 9.768362 9.808523 9.762712 9.737079 9.800562 9.9125 9.915909 9.747514 9.775138 9.678572 9.68142 9.805494 9.786885 9.784782 9.678919 9.48617
-9999 -9999 7.970833 8.061446 7.860714 7.75858 7.817964 7.864671 7.823977 7.746243 7.760116 7.693785 7.696175 7.704813 7.73369 7.720968 7.74086 7.848087 7.724194 7.652659 7.694709 7.770899 7.915054 7.997268 8.022405 8.283146 8.329378 8.365341 8.548851 8.439326 8.415084 8.369614 8.473743 8.453333 8.575281 -9999 -9999 -9999 -9999 -9999 -9999 -9999 -9999 -9999 -9999 9.187222 9.227374 9.411864 9.512995 9.386592 9.415643 9.491573 9.428889 9.630898 9.703371 9.607223 9.772882 9.764045 9.705556 9.765363 9.770786 9.821229 9.82905 9.697252 9.86 9.965555 9.950276 9.809836 9.876344 9.325789
7.970659 7.971258 8.078916 7.864118 7.809467 7.814201 7.740936 7.787719 7.890697 7.795429 7.769886 7.826705 7.781183 7.75914 7.833333 7.620419 7.643456 7.888587 7.857609 7.628947 7.588083 7.717617 7.713471 7.911765 7.944623 8.228333 8.43125 8.453409 8.475568 8.44045 8.424581 8.369061 8.461111 8.5 8.585475 -9999 -9999 -9999 -9999 -9999 -9999 -9999 -9999 -9999 -9999 9.13224 9.079121 9.446285 9.489142 9.435028 9.384357 9.404469 9.281319 9.555057 9.747458 9.770057 9.745197 9.701118 9.747486 9.747486 9.742135 9.922034 9.785475 9.686188 9.772778 9.992697 9.887912 9.648387 9.684946 9.435294
-9999 -9999 -9999 7.731792 7.683721 7.853846 7.790751 7.820809 7.812572 7.937143 7.767778 7.821229 7.931148 7.865761 7.969022 7.825926 7.794149 7.731579 7.737566 7.529082 7.634021 7.692783 7.750521 7.826316 8.080978 8.120765 8.311173 8.431639 8.303889 8.519886 8.285714 8.319231 8.417127 8.421978 8.545 8.585556 -9999 -9999 -9999 -9999 -9999 -9999 -9999 -9999 -9999 9.29774 9.085635 9.18324 9.241341 9.197238 9.167213 9.287363 9.291257 9.474301 9.574719 9.612922 9.584357 9.601676 9.568508 9.657458 9.815084 9.66464 9.662222 9.658334 9.665934 10.08994 9.996739 9.797253 9.667583 9.509239
-9999 -9999 -9999 7.820231 7.85407 7.755932 7.881356 7.81676 7.965363 7.973889 7.973889 8.003911 7.910215 7.820745 7.831383 7.825131 7.824084 7.884574 7.807407 7.733854 7.815263 7.831053 7.915873 7.879894 7.991979 8.232596 8.297766 8.181318 8.282778 8.291161 8.319337 8.436872 8.441112 8.5419 8.632585 8.642696 -9999 -9999 -9999 -9999 -9999 -9999 -9999 -9999 -9999 9.101117 9.093889 9.094475 9.160773 9.052717 9.327473 9.42 9.488524 9.480663 9.445 9.443889 9.518994 9.436464 9.515 9.568334 9.644444 9.59558 9.56906 9.635 9.639779 9.723333 9.424065 9.568109 9.367553 9.351336
7.995977 7.909195 7.876136 7.762921 7.727374 7.671823 7.693989 7.757924 7.802186 7.809783 7.842076 7.864835 7.774869 7.88377 7.836126 7.825 7.823958 7.708718 7.715104 7.657732 7.888298 7.867021 7.934042 7.856842 7.942553 8.1625 8.184699 8.233334 8.22652 8.230769 8.28956 8.414444 8.34153 8.442307 8.354892 8.390218 -9999 -9999 -9999 -9999 -9999 -9999 -9999 -9999 8.859341 8.919672 8.873369 8.967759 9.021312 8.92957 9.129032 9.433696 9.380979 9.284946 9.205946 9.177298 9.373627 9.474175 9.426776 9.444506 9.531319 9.503279 9.445355 9.433696 9.408108 9.424865 9.462162 9.302646 9.225 9.250793
7.786034 7.911864 7.890341 7.708242 7.673077 7.787222 7.813736 7.751351 7.757298 7.77742 7.845946 7.880107 7.73299 7.83125 7.85 7.805729 7.731959 7.799479 7.807813 7.815104 7.819474 7.840526 7.903704 7.845263 7.915344 8.035295 8.119565 8.233334 8.244445 8.259668 8.299447 8.318682 8.34918 8.183422 8.298919 8.337297 -9999 -9999 -9999 8.558696 8.700553 8.729835 8.784531 8.810497 8.919889 9.109782 8.982702 8.841081 8.927027 8.862766 9.090425 9.215054 9.132447 9.255615 9.174054 9.223244 9.303279 9.467935 9.365775 9.313904 9.37754 9.33172 9.281183 9.356216 9.280214 9.216931 9.295722 9.231217 9.093265 9.162304
7.755556 7.772778 7.820786 7.768508 7.663043 7.651351 7.78587 7.769149 7.848404 7.742188 7.845946 7.880107 7.73299 7.83125 7.85 7.805729 7.731959 7.799479 7.807813 7.815104 7.819474 7.840526 7.903704 7.845263 7.915344 8.035295 8.119565 8.233334 8.244445 8.259668 8.299447 8.318682 8.34918 8.183422 8.298919 8.337297 8.347568 -9999 -9999 8.558696 8.700553 8.729835 8.784531 8.810497 8.919889 9.109782 8.982702 8.841081 8.927027 8.862766 9.090425 9.215054 9.132447 9.255615 9.174054 9.223244 9.303279 9.467935 9.365775 9.313904 9.37754 9.33172 9.281183 9.356216 9.280214 9.216931 9.295722 9.231217 9.093265 9.162304
7.755556 7.772778 7.820786 7.768508 7.663043 7.651351 7.78587 7.769149 7.848404 7.742188 7.780105 7.848167 7.669543 7.979275 7.848705 7.750515 7.738975 7.796373 7.780311 7.741237 7.783938 7.762176 7.839267 7.890476 7.985638 8.214208 8.116848 8.173077 8.291667 8.297791 8.289011 8.275956 8.273913 8.24973 8.191978 8.230481 8.282796 -9999 -9999 8.6 8.643956 8.599457 8.617935 8.704348 8.808696 8.686459 8.952973 8.842473 8.969893 9.109947 9.317436 9.14798 8.880904 9.135263 9.064021 9.166667 9.373405 9.684492 9.203571 9.085052 9.1 9.086458 9.088542 9.080105 9.021875 9.168254 9.174074 9.088021 9.038265 8.886225
7.898883 7.935195 7.771978 7.555789 7.647872 7.602632 7.714063 7.814063 7.810937 8.047644 7.726768 7.632828 7.870313 7.940933 7.858549 7.778461 7.780928 7.841667 7.810363 7.824871 7.859487 7.873333 7.922051 7.907772 7.996842 8.073262 8.130435 8.139674 8.14153 8.055376 8.175 8.207066 8.278688 8.279781 8.231351 8.274055 8.356522 8.478688 8.437838 8.475676 8.509729 8.586487 8.625946 8.636898 8.598404 9.110363 9.33883 9.310582 8.537436 8.954359 8.767164 8.832836 8.726732 8.828646 8.822564 8.99641 8.931123 9.015228 8.972589 8.94433 8.930729 8.935233 8.983419 8.972539 8.884536 8.998953 9.04712 9.118134 9.167347 8.880102
7.872131 7.901093 7.487113 7.546875 7.739362 7.764398 7.788718 7.79282 7.961538 7.701515 7.714721 7.673869 7.788442 7.745 7.706 7.933333 7.886528 7.915625 7.970313 7.968041 8.05625 8.026042 8.209375 7.988144 7.876166 7.903665 8.123784 8.094595 8.206594 8.239011 8.212568 8.087701 8.022223 8.090958 8.234054 8.259459 8.594414 8.635755 8.455978 8.383871 8.416129 8.38032 8.448936 8.412042 8.459375 8.664286 8.778325 9.222222 8.987755 8.670918 8.705 8.841293 8.7405 8.841969 9.180711 9.260914 8.925888 8.754592 8.781865 8.793229 8.950265 8.838342 8.917098 8.921354 8.953646 9.041579 9.062304 8.939795 8.94596 8.908586
7.726596 7.762234 7.596875 7.528866 7.702604 7.70153 7.852308 7.908247 8.016495 7.764824 7.836869 7.778 7.966832 7.783 7.6565 7.926425 7.866837 7.88359 7.94456 7.948453 8.185715 8.100529 8.102618 8.057732 8.024871 7.934375 8.126882 7.976719 8.01466 8.138172 8.176216 8.141935 8.094681 8.195699 8.151337 8.190374 8.406557 8.375135 8.580663 8.373118 8.405376 8.226178 8.265968 8.312953 8.234536 8.513472 8.532836 8.655224 8.560606 8.339394 8.575758 8.448756 8.449495 8.681026 8.757711 8.964179 8.739801 8.780203 8.880311 8.939154 8.858201 8.867357 8.846114 8.754124 8.893229 8.82835 8.856186 8.787755 8.706532 8.788443
7.766138 7.848677 7.609278 7.73316 7.720202 7.741089 7.882412 7.828856 7.777114 7.861809 7.875377 7.8645 7.915347 7.80398 7.896955 7.790355 7.7725 7.836683 7.837374 7.833166 7.97732 8.014949 7.922051 7.96701 7.90359 8.098413 8.064021 7.862371 7.97165 7.828934 8.015625 7.915979 7.968229 7.958333 7.949741 7.976166 8.217553 8.279144 8.308557 8.375269 8.412366 8.307937 8.339683 8.332106 8.231606 8.352356 8.359375 8.360104 8.387629 8.47732 8.432307 8.329293 8.314647 8.351256 8.546465 8.814071 8.713568 8.70923 8.744898 8.883684 8.74709 8.737629 8.700516 8.854124 8.72718 8.524748 8.732989 8.796923 8.721 8.804
7.815707 7.82199 7.64433 7.87513 7.752736 7.906435 7.921891 7.895454 7.921212 7.906061 7.809045 7.837374 7.8075 7.809453 7.804 7.7205 7.70099 7.857789 7.946701 8.006566 8.085641 7.968718 7.953608 8 8.002072 8.159575 8.008377 7.906667 7.848744 7.846465 7.815578 7.916837 7.977835 7.928205 8.117369 8.079058 8.118324 8.102083 8.282979 8.350802 8.463784 8.313757 8.332275 8.325789 8.25855 8.223834 8.339267 8.347644 8.237113 8.251547 8.295337 8.293264 8.32165 8.322843 8.57165 8.885492 8.535751 8.445641 8.58359 8.595385 8.791579 8.63969 8.634021 8.915306 8.613706 8.42613 8.506566 8.607653 8.653571 8.789394
7.806701 7.699484 7.701554 7.80404 7.873737 7.831683 7.871144 7.912563 7.954271 7.8825 7.8155 7.844221 7.889899 7.8185 7.915736 7.846193 7.895523 7.947 8.06 7.99797 8.094872 7.977949 7.901531 8.043229 8.004145 8.035751 8.044502 7.92835 7.828643 7.7915 7.832664 7.788 7.762376 8.044103 8.137696 8.115183 8.135417 8.156021 8.267021 8.284575 8.37754 8.32328 8.338096 8.367895 8.386842 8.3 8.318325 8.250259 8.223316 8.257513 8.257813 8.263541 8.236598 8.485263 8.555319 8.356186 8.382474 8.445128 8.399489 8.405102 8.519073 8.484102 8.551282 8.597449 8.631795 8.408586 8.475 8.506123 8.736224 9.233334
7.750521 7.732292 7.762051 7.871939 7.735643 7.897525 8 7.89703 7.944554 7.90398 7.908 7.901515 7.906566 7.912121 7.89799 7.831156 7.975253 8.001 8.220103 8.171134 8.081443 8.183505 7.949239 7.921827 7.908629 7.913775 8.006186 8.009326 8.038462 7.784577 7.908081 7.808458 7.774258 7.819901 8.047179 7.975 8.068205 8.142187 8.120833 8.336899 8.40215 8.456451 8.336316 8.4 8.218041 8.166667 8.227835 8.279275 8.337368 8.338421 8.294737 8.284817 8.25285 8.366492 8.459575 8.407895 8.407369 8.431052 8.373575 8.475648 8.486528 8.431443 8.633333 8.549744 8.487245 8.330303 8.391919 8.409 8.4615 8.433971
7.837895 7.912632 7.950259 7.882653 7.691707 7.912871 8.01194 8.023881 8.064676 8.0025 7.992462 7.973604 7.928788 7.94467 7.983674 8.02602 8.0465 8.14359 8.335233 8.284184 8.176411 8.280513 7.99697 7.919096 7.943147 7.895959 7.993367 8.105208 8.034359 8.092784 7.830348 7.868 7.8635 7.931313 7.960406 8.071134 8.050257 8.025641 8.047422 8.134896 8.282011 8.275789 8.221134 8.182474 8.214433 8.24 8.275773 8.268394 8.322513 8.294765 8.280628 8.404737 8.225773 8.203609 8.221354 8.292631 8.30579 8.252084 8.170257 8.266321 8.246391 8.285641 8.224874 8.232995 8.201515 8.228283 8.2375 8.233169 8.335294 8.489151
8.080541 8.124325 7.796923 8.007179 7.801478 7.925 8.116583 8.118 8.1495 8.0165 7.985 7.972081 8.003572 7.94467 7.983674 8.02602 8.0465 8.14359 8.335233 8.284184 8.176411 8.280513 7.99697 7.919096 7.943147 7.895959 7.993367 8.105208 8.034359 8.092784 7.830348 7.868 7.8635 7.931313 7.960406 8.071134 8.050257 8.025641 8.047422 8.134896 8.282011 8.275789 8.221134 8.182474 8.214433 8.24 8.275773 8.268394 8.322513 8.294765 8.280628 8.404737 8.225773 8.203609 8.221354 8.292631 8.30579 8.252084 8.170257 8.266321 8.246391 8.285641 8.224874 8.232995 8.201515 8.228283 8.2375 8.233169 8.335294 8.489151
8.080541 8.124325 7.796923 8.007179 7.801478 7.925 8.116583 8.118 8.1495 8.0165 7.985 7.972081 8.003572 8.010769 8.092709 8.102083 8.171939 8.369271 8.392671 8.222564 8.108629 8.247209 8.076142 7.945226 7.951269 8.024102 7.972449 8.135233 8.141885 8.104102 8.011225 7.826368 7.820896 7.924242 7.870352 7.9533 7.997462 8.02551 8.080412 8.150521 8.195811 8.156477 8.15641 8.110256 8.226943 8.28 8.238265 8.178461 8.116837 8.158163 8.108629 8.236041 8.259278 8.220103 8.157513 8.096891 8.185493 8.125641 8.104591 8.115816 8.071066 8.200507 7.950732 8.02439 7.981372 8.047524 8.071782 8.216749 8.248558 8.347343
8.082258 8.178494 8.014584 7.906061 7.91407 7.900995 8.127638 8.136 8.1175 8.033166 8.061929 8.078866 8.077835 8.018461 8.234211 8.182105 8.199479 8.337173 8.510995 8.25102 8.196907 8.199492 8.114213 8.030457 8.045128 8.071503 8.01641 7.936684 8.031795 7.998477 7.907035 7.919096 7.994388 8.039175 7.975 8.036923 7.995431 7.919096 8.092268 8.07835 8.071282 8.174093 8.145361 8.1 8.121134 8.237436 8.205102 8.133674 8.055385 8.065128 8.074872 8.239285 8.212245 8.218556 7.99949 7.97602 8.329592 8.064852 8.009951 7.955 7.987374 8.005555 8.0515 8.211 8.168159 8.019705 8.004926 8.020488 7.971292 8.131884
