data/maps/prcp.txt
ncols         643
nrows         661
xllcorner     8515.9999992024
yllcorner     47670.999937602
cellsize      1000
NODATA_value  -9999
[rows 217 to 247 of 661, columns 350 to 419 of 643]
8.579459 8.688709 8.715136 8.689445 8.441011 8.348588 8.416292 8.419101 8.231112 8.286932 7.934269 8.217978 7.94456 7.674193 7.457065 7.369893 7.493651 7.250521 7.311458 6.928218 6.89196 6.624528 6.497116 6.234783 6.261836 6.195588 6.104369 6.247917 6.2 6.275879 6.463819 6.508543 6.414721 6.434536 6.617857 6.703922 6.680569 6.508411 6.661905 6.747343 6.784236 6.834158 6.978895 6.809453 6.978846 6.732212 7.052577 7.065464 6.97868 7.156476 7.063918 6.753093 6.761053 6.711111 6.879775 6.661667 6.579121 -9999 -9999 -9999 -9999 -9999 -9999 -9999 -9999 -9999 -9999 -9999 -9999 -9999
8.579459 8.688709 8.715136 8.689445 8.715819 8.486857 8.433714 8.468572 8.284916 8.368391 8.168571 8.522285 8.162434 7.738266 7.902162 7.772778 7.405435 7.246809 7.455851 7.33421 7.197849 6.553922 6.693467 6.286765 6.395588 6.582927 6.091388 6.218877 6.179581 6.139474 6.258461 6.305128 6.353646 6.459586 6.575127 6.543962 6.686058 6.427014 6.482938 6.54532 6.631841 6.696078 6.796635 6.905715 7.065701 6.738647 7.162694 7.119095 7.058416 7.256995 7.063918 6.753093 6.761053 6.711111 6.879775 6.536066 -9999 -9999 -9999 -9999 -9999 -9999 -9999 -9999 -9999 -9999 -9999 -9999 -9999 -9999
8.892432 8.779144 8.797253 8.803932 8.715819 8.486857 8.433714 8.468572 8.284916 8.368391 8.319428 8.299444 8.452778 8.125532 8.040322 7.928889 7.573077 7.531319 7.351099 7.310326 7.247541 7.204891 6.576963 6.215578 6.36068 6.646377 6.16019 5.985366 6.142857 6.085484 6.222798 6.221243 6.405263 6.294872 6.312438 6.338835 6.308134 6.158491 6.41934 6.535644 6.586699 6.766667 7.012683 7.091943 7.197044 6.934975 7.121182 7.128 7.204639 7.189119 7.07513 7.045263 6.906316 6.790052 6.657377 6.536066 -9999 -9999 -9999 -9999 -9999 -9999 -9999 -9999 -9999 -9999 -9999 -9999 -9999 -9999
8.957692 8.935519 9.035714 9.123333 9.194915 8.833908 8.73041 8.605263 8.664706 8.492486 8.319428 8.299444 8.452778 8.308197 8.040322 7.928889 8.026374 7.709945 7.205978 7.4125 7.185562 7.144752 6.474227 6.425757 6.2355 6.361 6.316908 6.111058 6.496257 6.35027 6.056477 6.1 6.247644 6.361735 6.5165 6.404369 6.189952 6.184058 6.563768 6.37177 6.456311 6.739614 6.997608 7.120975 7.0945 6.8855 7.140099 7.201031 6.978756 6.951579 7.106316 7.333333 7.252381 7.146774 6.685405 6.402674 6.455676 -9999 -9999 -9999 -9999 -9999 -9999 -9999 -9999 -9999 -9999 -9999 -9999 -9999
9.012921 9.044318 9.195977 9.096704 9.117801 9.366667 9.046199 8.862209 8.822353 8.491329 8.391908 8.383815 8.368208 8.22809 7.915707 7.954839 8.026374 7.709945 7.205978 7.4125 7.185562 6.826203 6.760526 6.488384 6.205584 6.509645 6.130097 6.209314 6.166 5.993877 6.11701 6.184456 6.151814 6.193299 6.437056 6.175598 6.240887 6.3395 6.511651 6.361275 6.564356 6.879025 6.823223 6.913301 6.898029 6.766995 6.810345 6.858163 6.771939 6.914815 6.767021 6.777895 6.644737 6.642935 6.584239 6.622581 6.551087 -9999 -9999 -9999 -9999 -9999 -9999 -9999 -9999 -9999 -9999 -9999 -9999 -9999
9.773913 9.681595 9.564881 9.375 9.125269 9.398901 9.471765 9.421638 9.130636 8.893641 8.839181 8.372571 8.238857 8.09774 7.95847 7.953804 7.9 7.847826 7.422527 7.391758 7.144624 6.826203 6.760526 6.488384 6.205584 6.509645 6.043216 5.936 5.971875 5.841969 5.996447 6.228205 6.284974 6.352632 6.415544 6.368342 6.377114 6.453465 6.396682 6.499005 6.643069 6.791866 6.811792 6.90597 6.661194 6.741177 6.661274 6.891099 6.898947 6.816146 6.741025 7.191257 6.926373 6.878022 6.820765 6.539891 6.534807 -9999 -9999 -9999 -9999 -9999 -9999 -9999 -9999 -9999 -9999 -9999 -9999 -9999
9.880247 9.83012 9.813855 9.825301 9.76959 9.351413 9.460571 9.227777 9.19162 8.981006 8.839773 8.641619 8.434104 8.23237 7.981318 7.939011 7.878688 7.924725 7.807778 7.508333 7.169022 7.066851 6.764516 6.627957 6.240816 6.188442 6.043216 5.936 5.971875 5.841969 5.793909 5.970558 6.026633 6.073367 6.527461 6.490404 6.31165 6.400483 6.478673 6.50622 6.525248 6.907882 6.61713 6.8045 6.789529 6.916577 6.877128 6.792553 6.774603 6.722798 6.703571 6.979459 6.637705 6.557377 6.53913 6.522826 6.545604 -9999 -9999 -9999 -9999 -9999 -9999 -9999 -9999 -9999 -9999 -9999 -9999 -9999
10.42922 10.18553 10.07375 10.1805 10.05183 10.1321 10.04908 9.336206 9.215607 9.109248 9.002891 8.860819 8.543859 8.412281 8.205714 7.946667 8.025699 7.790909 7.883889 7.567039 7.397207 7.139888 6.964641 6.701105 6.471658 6.050505 5.90202 5.80505 5.891099 5.985789 5.968557 5.970558 6.026633 6.073367 6.527461 6.490404 6.27767 6.383412 6.33287 6.337736 6.439801 6.723618 6.59602 6.5285 6.782105 6.705883 6.670899 6.863542 6.805612 6.863776 6.79397 6.846392 6.840425 6.448404 6.606952 6.713812 6.748619 -9999 -9999 -9999 -9999 -9999 -9999 -9999 -9999 -9999 -9999 -9999 -9999 -9999
10.4961 10.30949 10.1725 10.13789 10.19876 10.19 10.20559 10.04695 9.54353 9.377647 9.056322 9.074706 8.671345 8.505263 8.279885 8.064406 8.013408 7.933333 7.875138 7.704891 7.436956 7.164045 7 6.692778 6.497826 6.358602 6.203763 6.004189 5.988542 5.8 5.888601 5.997423 5.942347 6.138775 6.230151 6.126471 6.27767 6.383412 6.33287 6.337736 6.439801 6.485279 6.486869 6.390594 6.722051 7.015263 6.957895 7.014 7.035385 6.941414 6.993814 6.939894 6.747593 6.565958 6.932979 6.633516 6.767956 -9999 -9999 -9999 -9999 -9999 -9999 -9999 -9999 -9999 -9999 -9999 -9999 -9999
10.926 10.38797 10.31824 10.30566 10.47325 10.39371 10.12981 9.954268 9.558928 9.419642 9.168421 9.019186 8.882558 8.674566 8.402312 8.234104 8.145402 8.077401 7.760107 7.752941 7.361497 7.218889 6.996629 6.738418 6.486339 6.474317 6.369061 6.339779 6.027979 5.914778 5.974627 5.896939 6.010363 6.07513 6.263731 6.127363 6.109313 6.1625 6.07734 6.633831 6.465174 6.485279 6.486869 6.390594 6.722051 6.759606 6.782178 6.802451 7.027228 7.066667 6.944149 6.624064 6.658201 6.755155 6.870618 6.58913 6.952809 -9999 -9999 -9999 -9999 -9999 -9999 -9999 -9999 -9999 -9999 -9999 -9999 -9999
10.95034 10.61623 10.61039 10.39554 10.40573 10.36013 10.15901 9.989091 9.626946 9.477976 9.231579 9.003489 8.870175 8.620931 8.563953 8.298256 8.285295 8.219883 7.797802 7.704918 7.740437 7.3 7.108939 6.923729 6.730435 6.552973 6.314674 6.336413 5.966162 5.982673 6.026368 5.933659 6.129082 5.954123 6.254124 6.087192 6.050732 6.117476 6.25534 6.352153 6.525909 6.853535 6.593467 6.620398 6.735821 6.759606 6.782178 6.802451 7.027228 7.066667 6.913904 6.842632 6.822449 7.061458 7.068852 6.612022 6.955555 -9999 -9999 -9999 -9999 -9999 -9999 -9999 -9999 -9999 -9999 -9999 -9999 -9999
10.95034 10.61623 10.61039 10.39554 10.43376 10.24099 10.10247 9.904848 9.792771 9.465089 9.218128 9.132749 8.968023 8.881395 8.752907 8.809697 8.662048 8.410059 7.916384 7.725698 7.464865 7.228108 6.925824 6.951667 6.745263 6.808465 6.589839 6.308022 6.25 6.265803 6.04902 6.152451 6.023672 6.015049 5.95534 6.166827 6.281428 6.342789 6.393204 6.404265 7.004587 6.476389 6.533971 6.885075 6.745972 6.801914 6.79801 6.62266 7.133333 7.01875 6.913904 6.842632 6.822449 7.061458 6.766667 6.644262 6.900556 -9999 -9999 -9999 -9999 -9999 -9999 -9999 -9999 -9999 -9999 -9999 -9999 -9999
10.94189 10.82867 10.63987 10.55325 10.43376 10.24099 10.10247 9.904848 9.792771 9.465089 9.489222 9.341317 9.11 8.913295 8.757804 8.791515 8.861212 8.421265 8.181034 7.911494 7.456425 7.344134 6.980337 7.227012 6.706185 6.867692 6.804592 6.885561 6.758823 6.530412 6.023943 6.079629 6.141148 6.25303 5.987879 6.43401 6.263768 6.329126 6.52488 6.73318 6.526168 6.531308 6.757426 6.578218 6.5801 6.763366 6.872637 6.487065 6.74709 6.818519 7.068947 6.830653 6.769697 6.991979 6.766667 6.644262 6.880556 -9999 -9999 -9999 -9999 -9999 -9999 -9999 -9999 -9999 -9999 -9999 -9999 -9999
11.08912 10.96913 10.90533 10.56129 10.46266 10.46981 10.22531 9.955152 9.734524 9.552663 9.489222 9.341317 9.11 8.913295 8.757804 8.965663 8.656213 8.402312 8.200562 8.155113 7.844318 7.527273 7.170115 7.002873 6.479474 6.494764 6.50597 6.185915 6.150235 6.228708 6.097235 6.266359 6.116279 6.329293 6.07868 6.2467 6.286829 6.291304 6.689573 6.782273 6.33814 6.33814 6.343137 6.508 6.586154 6.63 6.831694 6.622043 6.491489 7.103703 7.033503 6.90303 6.736083 6.840437 6.663934 6.82459 6.76 -9999 -9999 -9999 -9999 -9999 -9999 -9999 -9999 -9999 -9999 -9999 -9999 -9999
10.89867 10.95467 11.02667 10.88816 10.61795 10.25679 10.20368 9.759171 9.626036 9.547338 9.473214 9.298224 9.108187 8.829714 9.106547 8.792262 8.656213 8.402312 8.200562 8.155113 7.844318 7.504571 7.447429 7.340782 7.053439 6.623281 6.328061 6.309278 6.326804 6.284264 6.065888 6.091442 6.201827 6.252857 6.122549 5.97402 6.297561 6.367464 6.809524 6.784932 6.470507 6.405069 6.425366 6.430457 6.451042 6.462234 6.454255 6.539583 6.584896 7.125758 6.969154 6.838694 6.870745 6.780769 6.937222 7.025 6.913587 -9999 -9999 -9999 -9999 -9999 -9999 -9999 -9999 -9999 -9999 -9999 -9999 -9999
10.95467 10.99667 10.91711 10.74323 10.48544 9.999393 9.95482 9.784616 9.365318 9.392398 9.189595 9.126012 9.013295 8.959412 8.934117 8.871765 8.535088 8.199431 8.280117 7.915607 7.51954 7.504571 7.447429 7.340782 7.053439 6.623281 7.051021 6.614948 6.468205 6.453333 6.122222 6.076744 5.941204 5.997642 6.097116 6.009135 6.076699 6.256731 6.610048 6.571429 6.419091 6.647738 6.375377 6.380311 6.342487 6.359585 6.466492 6.556771 6.687817 6.932512 6.955276 6.841579 6.632461 6.900535 7.090811 7.184865 7.2 7.402841 -9999 -9999 -9999 -9999 -9999 -9999 -9999 -9999 -9999 -9999 -9999 -9999
10.77171 10.78026 10.9298 10.58535 10.41258 10.13313 9.845238 9.581395 9.35 9.244767 9.231176 9.150887 9.148192 8.904734 8.828488 8.94593 8.789697 8.608982 8.164535 7.993567 7.852907 7.513873 7.486705 7.615517 6.832323 6.850746 7.051021 6.614948 6.468205 6.453333 6.122222 6.304265 6.114884 6.244231 6.077404 6.285096 6.170098 5.938164 6.166183 6.354929 6.288128 6.567662 6.323881 6.460825 6.569543 6.522727 6.496373 6.549479 6.724 6.917476 7.008543 6.903125 6.757592 6.826042 7.02487 7.357895 7.255789 7.300532 -9999 -9999 -9999 -9999 -9999 -9999 -9999 -9999 -9999 -9999 -9999 -9999
10.51753 10.73896 10.48671 10.25926 10.24813 10 9.59 9.571765 9.297661 9.188372 9.090058 9.011905 8.93253 8.724706 8.784883 8.799408 8.746667 8.75 8.4125 8.143023 7.953107 7.883333 7.416092 7.342857 7.202763 6.5455 6.635437 6.61659 6.494348 6.67971 6.474762 6.304265 6.114884 6.244231 6.077404 6.285096 6.035324 6.051777 6.284422 6.385149 6.340099 6.477202 6.61399 6.67835 6.777157 6.656853 6.611458 6.626425 6.881633 7.072222 7.151515 6.877487 6.76631 6.81579 6.834184 7.291351 7.011765 7.024064 7.165714 -9999 -9999 -9999 -9999 -9999 -9999 -9999 -9999 -9999 -9999 -9999
10.16604 10.11718 10.13988 10.14877 10.25838 10.04639 9.747647 9.611765 9.373837 9.093023 9.036628 9.028144 9.08503 9.190588 9.148235 8.978824 8.812572 8.578735 8.495858 8.237791 7.869231 7.672432 7.566667 7.092896 7.074033 6.795361 6.690821 6.373568 6.403017 6.522845 6.057328 5.949339 5.982353 6.218894 6.023721 6.575124 6.035324 6.051777 6.284422 6.385149 6.340099 6.573196 6.743523 6.544042 6.798421 6.798361 6.857065 6.931771 7.274737 7.387301 7.235078 6.876719 6.926486 6.925654 6.841919 7.018324 7.082258 6.993548 7.043646 -9999 -9999 -9999 -9999 -9999 -9999 -9999 -9999 -9999 -9999 -9999
10.01132 9.963803 9.915338 9.964197 10.0741 9.898235 10.01302 10.22176 9.857895 9.303509 8.989411 8.830358 8.749123 8.860234 8.849412 8.73526 8.809827 8.210989 8.348538 8.193064 7.829189 7.644737 7.636508 7.142857 7.25 6.688144 6.461722 6.619725 6.564224 6.402966 6.200848 5.904329 5.731004 5.94 6.055406 6.616832 6.521287 6.407537 6.495522 6.426699 6.584925 6.588776 6.743523 6.544042 6.798421 6.493011 6.859574 6.855392 7.1815 7.25 7.040104 6.87027 7.028729 7.132085 7.309042 7.432787 7.529213 7.340449 7.053933 6.983428 -9999 -9999 -9999 -9999 -9999 -9999 -9999 -9999 -9999 -9999
10.12244 9.854601 10.00368 9.896914 9.594611 9.83077 9.26044 9.471512 9.328161 9.438506 9.360588 8.960355 9.078236 9.36 9.184795 8.901176 8.739766 8.098883 8.167252 8.098266 7.795699 7.536224 7.239196 7.00804 6.965829 6.650971 6.490187 6.509545 6.449569 6.276923 5.949145 6.092577 6.447577 6.393333 6.207556 6.483408 6.165919 6.053488 6.153271 6.140182 6.141441 6.665672 6.470103 6.309278 6.446316 6.493011 6.859574 6.855392 7.1815 7.25 7.192513 6.859788 6.94 7.154099 7.123529 7.309497 7.383908 7.184746 7.0625 6.982955 6.919774 -9999 -9999 -9999 -9999 -9999 -9999 -9999 -9999 -9999
10.12244 9.854601 10.00368 9.896914 9.432164 8.996667 9.120109 9.032812 9.097298 8.877059 8.999415 8.906548 9.308235 8.650762 9.182513 9.048295 8.885633 8.142613 8.185965 8.139655 7.841304 7.520526 7.121649 6.987879 6.773737 6.628095 6.571366 6.547863 6.478541 6.2 5.915745 5.770435 5.906726 5.969091 5.775893 6.12 5.807834 5.9447 5.890455 5.948661 6.214865 6.746734 6.504663 6.348705 6.306915 6.722751 7.038743 6.912438 7.032828 7.04 7.192513 6.859788 6.94 7.154099 7.216129 7.228889 7.160796 6.962359 7.012921 6.984483 6.976271 -9999 -9999 -9999 -9999 -9999 -9999 -9999 -9999 -9999
10.03529 9.834375 9.59697 9.740606 9.432164 8.996667 9.120109 9.032812 9.097298 8.862428 8.648555 8.820349 8.857558 8.436702 8.319488 8.393651 9.019663 8.129714 8.236416 8.019428 7.812359 7.29 7.013021 6.905208 6.834896 6.5385 6.408772 6.462393 6.469584 6.937239 6.443515 6.18954 5.881333 5.660181 6.101852 5.999078 5.733632 5.85426 5.848131 6.3125 6.362281 6.924878 6.587565 6.373822 6.401047 6.69375 6.58932 6.946 7.033673 7.182888 7.139785 6.929474 7.070811 7.205914 7.216129 7.228889 7.160796 6.962359 7.012921 6.972989 7.00977 -9999 -9999 -9999 -9999 -9999 -9999 -9999 -9999 -9999
9.608861 9.620126 9.659259 9.608025 9.244186 8.932777 8.715591 8.855319 8.721762 8.862428 8.648555 8.820349 8.857558 8.436702 8.319488 8.242564 8.34656 8.055682 8.020115 7.735754 7.579329 7.414525 7.198342 6.997268 7.077596 6.827749 6.1 6.176522 6.414407 6.832766 6.8056 6.3532 6.021941 5.754185 5.851707 5.77783 6.012037 5.9 6.000478 5.896759 6.100459 6.359813 6.52356 6.339583 6.763542 6.721539 6.677073 6.917647 7.152577 7.182258 7.08883 7.039248 7.079348 7.162703 7.152151 7.193407 7.074863 7.055191 6.940437 6.972989 7.00977 7.056647 -9999 -9999 -9999 -9999 -9999 -9999 -9999 -9999
9.3575 9.345342 9.230909 9.34303 9.301744 9.025 8.88644 8.532105 8.582292 9.204572 8.521714 8.627545 8.679042 8.605814 8.482417 8.242564 8.34656 8.548863 8.020115 7.735754 7.355191 7.392222 7.351648 7.102174 7.070109 6.911518 6.160368 6.016364 6.033928 6.03348 6.298684 6.449123 5.90171 5.753153 5.771569 5.719718 6.008253 5.870732 6.149756 6.07 6.063033 6.642632 6.647059 6.510753 6.470588 6.870588 6.426961 6.76 6.981347 7.189362 7.04599 7.006044 7.325414 7.222404 7.205494 7.259777 7.11989 7.08764 7.101143 7.139773 7.048295 6.911299 -9999 -9999 -9999 -9999 -9999 -9999 -9999 -9999
9.322784 9.324844 9.017365 9.160479 9.434884 8.778977 8.879412 9.143453 9.048256 8.926816 8.415643 8.446428 8.920834 9.032572 9.061453 8.421762 8.266129 7.981111 7.847486 7.701667 7.355191 7.392222 7.351648 7.102174 7.070109 6.911518 6.256667 5.978241 5.808636 5.735746 5.735714 5.987947 5.594017 5.758371 5.880193 5.739352 5.741148 5.74541 6.091304 5.819718 5.93125 6.325263 6.54127 6.492056 6.642289 6.422388 6.49697 6.957653 7.312565 7.327225 7.21399 7.357065 7.427322 7.290055 7.210556 7.328492 7.396111 7.321469 7.199429 7.456572 7.141111 7.075419 7.011798 -9999 -9999 -9999 -9999 -9999 -9999 -9999
9.240881 9.145181 8.855621 8.379348 8.507608 8.505028 8.776048 8.888889 8.913497 8.935542 8.839521 8.452439 8.834756 8.616279 8.633333 8.169312 8.070681 8.098343 7.744444 7.571352 7.501081 7.502703 7.269271 7.022917 6.758247 6.540206 6.256667 5.978241 5.808636 5.735746 5.735714 5.763876 5.788987 5.693636 5.678972 5.726291 5.750476 5.740952 5.991428 5.849761 6.011823 6.226531 6.730412 7.052239 7.008955 6.871642 6.743069 7.277551 7.316751 7.175248 7.368041 6.983158 7.300526 7.406011 7.496089 7.360989 7.27663 7.368508 7.131868 7.221978 7.204494 7.200562 -9999 -9999 -9999 -9999 -9999 -9999 -9999 -9999
9.038509 8.899398 8.704094 9.118902 8.907317 8.802409 8.695758 8.814907 8.77317 8.755422 8.685 8.505 9.048765 9.277514 8.409091 8.213298 8.52 8.170718 7.730481 7.575661 7.456915 7.5 7.217187 6.891282 6.686979 6.541667 6.454123 6.047739 5.934653 5.725471 5.774074 5.763876 5.788987 5.693636 5.678972 5.729187 5.825 5.733654 5.847641 5.797641 5.945588 6.137129 6.447236 6.658 6.636816 6.625373 6.608955 7.084694 6.849754 6.864141 6.995767 6.950802 7.162703 7.292935 7.222528 7.225414 7.367956 7.364481 7.457062 7.24 7.144571 7.189655 -9999 -9999 -9999 -9999 -9999 -9999 -9999 -9999
9.083436 9.172222 8.57929 9.058896 8.657055 8.577914 8.742405 8.657143 8.444379 8.730488 8.721384 8.594969 8.84625 8.898214 8.190476 8.244086 8.211732 8.016949 7.752432 7.523809 7.378534 7.234921 6.895312 6.655898 6.656614 6.325263 6.362632 6.154167 5.8495 5.8165 5.655981 5.72654 5.869195 5.559346 5.661215 5.729187 5.825 5.733654 5.847641 5.797641 5.963107 6.130542 6.312563 6.502512 6.714545 6.817371 6.7 7.376142 6.978218 7.329787 7.373262 7.464088 7.008333 7.159668 7.125967 7.276374 7.314208 7.221978 7.356497 7.384 7.13237 7.156897 -9999 -9999 -9999 -9999 -9999 -9999 -9999 -9999
8.567059 8.418935 8.634783 8.527273 8.7175 8.498125 8.656129 8.578344 8.468518 8.428834 8.332727 8.438182 8.356213 8.598809 8.445505 8.292135 8.040571 7.852247 7.935754 7.489474 7.237824 7.29267 7.089119 6.803125 6.623684 6.70989 6.530769 6.197917 6.118085 6.07037 5.85198 5.914428 5.712935 5.822773 5.711215 5.854106 6.077073 6.269903 5.993458 5.866822 5.963107 6.130542 6.312563 6.502512 6.714545 7.443 7.2035 7.043878 7.198413 7.241304 7.075401 7.135294 7.451872 7.28984 7.132796 7.414674 7.428261 7.361878 7.181319 7.20838 7.282759 7.265517 7.10618 -9999 -9999 -9999 -9999 -9999 -9999 -9999
8.422155 8.490798 8.59557 8.520859 8.525 8.543125 8.377358 8.419745 8.340252 8.555195 8.339873 8.32375 8.748125 8.379167 8.094382 8.062644 7.89711 7.801685 7.801676 7.808889 7.42957 7.175 6.914063 6.851053 6.578534 6.871978 6.706044 6.226984 6.25847 6.114893 5.8725 5.8285 6.02268 5.940206 5.965969 5.966146 5.972249 5.955251 5.978605 5.933953 6.059223 6.3 6.324519 6.524529 7.09814 7.443 7.2035 7.043878 7.198413 7.241304 7.105911 7.439154 7.332973 7.238379 6.987097 6.890811 6.877297 7.063934 7.257303 6.990503 7.141573 7.074432 -9999 -9999 -9999 -9999 -9999 -9999 -9999 -9999
