data/maps/product.txt
ncols         643
nrows         661
xllcorner     8515.9999992026
yllcorner     47670.999937602
cellsize      1000
NODATA_value  -99
[rows 198 to 230 of 661, columns 148 to 221 of 643]
-99 -99 -99 -99 -99 -99 -99 -99 -99 -99 -99 -99 -99 -99 0.2449286 0.2573568 0.2756818 0.4406355 0.4975103 0.4186499 0.3752217 0.4058626 0.459321 0.4686116 0.4791074 0.4732091 0.4669514 0.4729443 0.4674432 0.3895822 0.4475042 0.4198711 0.3921536 0.4241621 0.4766355 0.4629698 0.4623688 0.4226094 0.466713 0.4751601 0.4964943 0.4992776 0.5006201 0.4611211 0.453924 0.5176551 0.5243121 0.5471113 0.5607377 0.5468045 0.5456191 0.5375959 0.4820767 0.5339468 0.5147334 0.4970335 0.4924162 0.4882958 0.5088722 0.468919 0.5218689 0.538052 0.4865244 0.4811103 0.4687859 0.3311265 0.5213846 0.5065256 0.510666 0.5111125 0.5155858 0.4680363 0.5309569 0.5242513
-99 -99 -99 -99 -99 -99 -99 -99 -99 -99 -99 -99 -99 -99 -99 0.2536522 0.2579004 0.4110858 0.405732 0.4068101 0.4100901 0.4401733 0.4528032 0.4608391 0.4684363 0.47122 -99 -99 0.4472655 0.4156934 0.4403794 0.3741493 0.4088911 0.4227816 0.4720528 0.4608201 0.4592861 0.3833411 0.4852264 0.4794789 0.4821319 0.5001473 0.509408 0.5165124 0.5139333 0.3903899 0.5360087 0.4955811 0.5069701 0.5130647 0.5510939 0.5490038 0.5470866 0.5290158 0.5158669 0.5006514 0.5046225 0.5064716 0.5133603 0.530623 0.4404345 0.5466418 0.5048776 0.4986444 0.4666445 0.45904 0.5102705 0.5250901 0.4272358 0.4270682 0.4338678 0.3861286 0.5385098 0.4900717
-99 -99 -99 -99 -99 -99 -99 -99 -99 -99 -99 -99 -99 -99 -99 0.3943608 0.4471354 0.4020146 0.3993686 0.3980438 0.4083529 0.4217496 0.4495257 0.4570532 0.421896 -99 -99 -99 0.4734348 0.4623528 0.4720071 0.4665198 0.4736624 0.4737048 0.4710358 0.4633472 0.4598676 0.4529493 0.4953911 0.5012102 0.4966303 0.4984148 0.4512494 0.5068212 0.5029318 0.5258669 0.4768688 0.5391659 0.5116845 0.5055283 0.5120557 0.4853998 0.5421478 0.4915867 0.4795643 0.519471 0.5671383 0.5205815 0.5538822 0.528264 0.5493094 0.5143675 0.5213584 0.5559337 0.5238307 0.5257462 0.5188301 0.5305032 0.4813506 0.4219603 0.4920786 0.4936877 0.491873 0.4964558
-99 -99 -99 -99 -99 -99 -99 -99 -99 -99 -99 -99 -99 -99 -99 0.3856709 0.3964068 0.4110971 0.4629822 0.4068153 0.4010516 -99 -99 -99 -99 -99 -99 -99 0.4690445 0.4200991 0.473253 0.4727333 0.4733617 0.4737233 0.4721681 0.4611132 0.4606413 0.4716577 0.4942638 0.5127976 0.5150808 0.5091486 0.5064559 0.5079948 0.5037587 0.465544 0.4765058 0.4898944 0.5506729 0.5082883 0.5564811 0.5376305 0.54166 0.5437356 0.5442497 0.5365154 0.5283998 0.5128901 0.5479931 0.5090555 0.5225284 0.5374541 0.5334481 0.5546315 0.5335094 0.5409213 0.5304615 0.52478 0.5211631 0.4686011 0.4881811 0.4885252 0.4881161 0.4436808
-99 -99 -99 -99 -99 -99 -99 -99 -99 -99 -99 -99 -99 -99 -99 -99 -99 0.4527442 0.4024427 0.4011383 0.4083329 -99 -99 -99 -99 -99 -99 -99 0.4664428 0.4723656 0.47278 0.4727986 0.472277 0.473833 0.4746122 0.473791 0.4669196 0.4414803 0.4983228 0.5059033 0.5154617 0.5150629 0.5096475 0.5096006 0.5058851 0.4666083 0.5299706 0.5242562 0.5289063 0.5043052 0.3971221 0.5451877 0.543493 0.5400898 0.5343863 0.521237 0.345412 0.5091318 0.5194646 0.5394724 0.5403502 0.5377437 0.5417642 0.5752127 0.5439757 0.5236995 0.5190781 0.5234749 0.5168394 0.4349721 0.4868613 0.3915006 0.4380854 0.4894286
-99 -99 -99 -99 -99 -99 -99 -99 -99 -99 -99 -99 -99 -99 -99 -99 -99 0.4002743 0.4036334 0.252371 -99 -99 -99 -99 -99 -99 -99 -99 0.4708126 0.4757544 0.4738429 0.4241349 0.4778953 0.4794699 0.478235 0.4772554 0.428682 0.4903302 0.496074 0.4779468 0.5018373 0.5106236 0.5095247 0.5129964 0.5181357 0.415028 0.4585008 0.5092993 0.469629 0.3810038 0.5397496 0.5326909 0.5407073 0.5408106 0.5456734 0.5399587 0.5218991 0.5300608 0.5329715 0.549808 0.5445419 0.55945 0.5476711 0.5351818 0.5203875 0.4892692 0.5268205 0.522467 0.5160911 0.4497449 0.4990049 0.4433739 0.4872742 0.3683277
-99 -99 -99 -99 -99 -99 -99 -99 -99 -99 -99 -99 -99 -99 -99 -99 -99 0.4025609 0.4085031 0.2598293 -99 -99 -99 -99 -99 -99 -99 -99 0.4785121 0.4822817 0.4799561 0.4306409 0.4843624 0.4854062 0.4847316 0.4796288 0.4288589 0.488731 0.4983172 0.4894533 0.4993553 0.5072436 0.5115858 0.512053 0.516529 0.4176827 0.4669246 0.5192935 0.4728592 0.386805 0.5370914 0.5540277 0.5408038 0.5209972 0.5128698 0.5130792 0.5362535 0.5350716 0.5339319 0.5382027 0.5485869 0.5679579 0.5602298 0.5440444 0.5395724 0.5131272 0.5374702 0.5404331 0.5304688 0.4419831 0.4950526 0.4568367 0.488593 0.3627622
-99 -99 -99 -99 -99 -99 -99 -99 -99 -99 -99 -99 -99 -99 -99 -99 -99 0.4059047 -99 -99 -99 -99 -99 -99 -99 -99 -99 -99 0.4843875 0.4834092 0.4828467 0.4841742 0.4864683 0.4789553 0.4818455 0.4339972 0.484266 0.4837307 0.3978449 0.4449626 0.4931662 0.5006375 0.5060918 0.3635889 0.3640331 0.4693132 0.4698548 0.5210675 0.5284475 0.3909799 0.5337545 0.4879485 0.5376212 0.5310453 0.5178787 0.5205148 0.5241122 0.5349351 0.5505152 0.5407115 0.5326516 0.565452 0.5606083 0.5398488 0.528977 0.5718569 0.5626121 0.4960955 0.5368075 0.4771472 0.4393752 0.4984178 0.5393353 0.5178673
-99 -99 -99 -99 -99 -99 -99 -99 -99 -99 -99 -99 -99 -99 -99 -99 -99 0.4059047 -99 -99 -99 -99 -99 -99 -99 -99 -99 -99 0.4843875 0.4834092 0.4828467 0.4841742 0.4864683 0.4789553 0.4818455 0.4339972 0.484266 0.4837307 0.3978449 0.4449626 0.4931662 0.5006375 0.5060918 0.3635889 0.3640331 0.4693132 0.4698548 0.5210675 0.5284475 0.3909799 0.5337545 0.4879485 0.5376212 0.5310453 0.5178787 0.5205148 0.5241122 0.5349351 0.5505152 0.5407115 0.5326516 0.565452 0.5606083 0.5398488 0.528977 0.5718569 0.5626121 0.4960955 0.5368075 0.4771472 0.4393752 0.4984178 0.5393353 0.5178673
-99 -99 -99 -99 -99 -99 -99 -99 -99 -99 -99 -99 -99 -99 -99 -99 -99 -99 -99 -99 -99 -99 -99 -99 -99 -99 -99 0.4377423 0.3875437 0.439655 0.4886819 0.4858624 0.4322686 0.4271307 0.4818892 0.4877467 0.4395851 0.4394419 0.5037954 0.4496297 0.4450916 0.460144 0.4164959 0.5138339 0.5116959 0.5147102 0.4149497 0.4584636 0.3716214 0.539341 0.4861297 0.535504 0.537863 0.531265 0.5302424 0.4274226 0.5371447 0.5291615 0.5421966 0.5495401 0.5399412 0.5550066 0.5517045 0.4907458 0.4717722 0.4916309 0.5689201 0.5454794 0.53497 0.4876766 0.4934814 0.4982749 0.4777157 0.5127887
-99 -99 -99 -99 -99 -99 -99 -99 -99 -99 -99 -99 -99 -99 -99 -99 -99 -99 -99 -99 -99 -99 -99 -99 -99 0.4660534 0.4703544 0.4224486 0.4860103 0.4839332 0.4821576 0.4269821 0.4766521 0.4806681 0.4876768 0.496706 0.4853216 0.4962163 0.5050133 0.453432 0.4539365 0.452382 0.4640999 0.5119957 0.5143298 0.5090013 0.4602837 0.5065028 0.3697393 0.5376536 0.5374063 0.4924889 0.5349846 0.5242799 0.5375922 0.5385906 0.5439351 0.5296538 0.5551879 0.5091863 0.5067264 0.539399 0.5371657 0.5376841 0.5243726 0.5018901 0.5103454 0.5061439 0.4808183 0.4913016 0.4320461 0.5275606 0.5189034 0.5116073
-99 -99 -99 -99 -99 -99 -99 -99 -99 -99 -99 -99 -99 -99 -99 -99 -99 -99 -99 -99 -99 -99 -99 -99 0.4102903 0.4677724 0.4221309 0.4245912 0.4397463 0.4363443 0.436727 0.4329253 0.4790188 0.4855151 0.4380009 0.4446693 0.4358099 0.4689329 0.4567799 0.5089511 0.4555594 0.453454 0.4596725 0.508702 0.5112619 0.4583864 0.5101359 0.4707322 0.5349162 0.5545222 0.5536873 0.5357697 0.5317805 0.5395783 0.5475253 0.5432221 0.5478641 0.549387 0.5568001 0.5313088 0.5368069 0.5250912 0.5307132 0.5316864 0.5203382 0.5175481 0.5204098 0.5086447 0.5450128 0.5411569 0.5719717 0.5407783 0.5400097 0.5368567
-99 -99 -99 -99 -99 -99 -99 -99 -99 -99 -99 -99 -99 -99 -99 -99 -99 -99 -99 -99 -99 -99 -99 -99 0.4593159 0.4125378 0.4195203 0.4722906 0.420138 0.487208 0.4862728 0.4324688 0.4807766 0.4884673 0.4999162 0.4977046 0.5105183 0.421571 0.4651232 0.513764 0.5126116 0.5094607 0.5128605 0.5110736 0.508715 0.5065763 0.5146241 0.4945289 0.5556359 0.5062542 0.5066832 0.5440211 0.5454469 0.4969114 0.4981582 0.5510052 0.5549016 0.5463606 0.5483611 0.5203679 0.5231624 0.4772575 0.5319754 0.5222122 0.4947185 0.5376629 0.5011307 0.5098482 0.5176556 0.438933 0.5265955 0.5147246 0.4941228 0.5272778
-99 -99 -99 -99 -99 -99 -99 -99 -99 -99 -99 -99 -99 -99 -99 -99 -99 -99 -99 -99 -99 -99 -99 -99 0.4161746 0.4687014 0.470744 0.4693222 0.4357773 0.4332476 0.4752431 0.4326376 0.4887378 0.5032809 0.4531711 0.4998554 0.455588 0.4701146 0.4664055 0.4554822 0.4580448 0.458367 0.5136225 0.5141366 0.5138278 0.4646271 0.4672449 0.470295 0.5414434 0.5024315 0.502685 0.4535869 0.5533895 0.5291042 0.543057 0.5539029 0.5374227 0.5208065 0.553151 0.5387546 0.5396565 0.5240627 0.5267145 0.5224753 0.4890364 0.4420047 0.499552 0.5297109 0.4856709 0.5294183 0.5302034 0.4254214 0.5217181 0.5473997
-99 -99 -99 -99 -99 -99 -99 -99 -99 -99 -99 -99 -99 -99 -99 -99 -99 -99 -99 -99 -99 -99 -99 -99 0.4190598 0.4724504 0.4739046 0.4818906 0.430578 0.4840055 0.4823101 0.4843251 0.3402824 0.3538713 0.4926136 0.4513723 0.5066984 0.5106059 0.5054932 0.5094228 0.5046407 0.5111519 0.4612821 0.465825 0.4686747 0.4669972 0.4660315 0.4653051 0.5173731 0.4787661 0.4909075 0.4804679 0.5216462 0.5208201 0.5286329 0.5432501 0.4880924 0.4709395 0.5191564 0.5215086 0.4811073 0.4694657 0.5288662 0.5292477 0.5093893 0.4778648 0.5332226 0.5426459 0.5409008 0.4756986 0.4782391 0.5273694 0.5281457 0.5459002
-99 -99 -99 -99 -99 -99 -99 -99 -99 -99 -99 -99 -99 -99 -99 -99 -99 -99 -99 -99 -99 -99 -99 -99 0.4723841 0.4722416 0.4865561 0.4370982 0.4861627 0.4355359 0.4888261 0.4397675 0.3533348 0.3549978 0.4945514 0.4931537 0.4908812 0.511284 0.5003675 0.464669 0.4616516 0.4590969 0.5114924 0.4668767 0.4686393 0.4659219 0.4666138 0.4663598 0.5155345 0.4654393 0.517128 0.5163083 0.5178741 0.5228459 0.5209581 0.5258713 0.5344905 0.536023 0.519069 0.5086002 0.5472946 0.4781843 0.4928213 0.538965 0.5247895 0.4952655 0.5421333 0.4448672 0.5407305 0.4762957 0.5335399 0.5243941 0.4995648 0.4163527
-99 -99 -99 -99 -99 -99 -99 -99 -99 -99 -99 -99 -99 -99 -99 -99 -99 -99 -99 -99 -99 -99 -99 -99 0.4851495 0.4847303 0.4861484 0.4362307 0.4878611 0.4515859 0.4903933 0.4404152 0.337951 0.3426207 0.5050346 0.5024019 0.4912063 0.4986931 0.50143 0.4539618 0.4569192 0.4602032 0.5102745 0.4618426 0.4688828 0.4665521 0.4666301 0.4611914 0.5124549 0.464925 0.5173661 0.5178897 0.5265216 0.5374561 0.5263553 0.519505 0.5229411 0.5297106 0.5261847 0.5235234 0.5528633 0.482977 0.4969766 0.5420417 0.5396417 0.4886243 0.5428874 0.4398527 0.531696 0.4806474 0.5352282 0.529233 0.5038773 0.4145943
0.3023353 0.2999615 -99 -99 -99 -99 -99 -99 -99 -99 -99 -99 -99 -99 -99 -99 -99 -99 -99 -99 -99 -99 -99 0.4850892 0.4859892 0.4335299 0.4326318 0.4839908 0.4877717 0.453138 0.5040513 0.3421212 0.4940594 0.4936338 0.4929434 0.4881486 0.4885835 0.4905269 0.4982696 0.4533242 0.5111303 0.5088277 0.4562707 0.4590809 0.4665283 0.4678093 0.4689485 0.517584 0.5228531 0.4745553 0.4699544 0.4679216 0.5151262 0.5343081 0.5287085 0.5240424 0.4788368 0.5395578 0.4895026 0.5253158 0.5557663 0.5425058 0.5482133 0.5432664 0.5359313 0.5350557 0.5349885 0.5299647 0.5247061 0.4309465 0.528314 0.5121047 0.5721369 0.4933232
0.3021466 0.3057157 -99 -99 -99 -99 -99 -99 -99 -99 -99 -99 -99 -99 -99 -99 -99 -99 -99 -99 -99 -99 -99 0.4850892 0.4859892 0.4335299 0.4326318 0.4839908 0.4877717 0.453138 0.5040513 0.3421212 0.4940594 0.4936338 0.4929434 0.4881486 0.4885835 0.4905269 0.4982696 0.4533242 0.5111303 0.5088277 0.4562707 0.4590809 0.4665283 0.4678093 0.4689485 0.517584 0.5228531 0.4745553 0.4699544 0.4679216 0.5151262 0.5343081 0.5287085 0.5240424 0.4788368 0.5395578 0.4895026 0.5253158 0.5557663 0.5425058 0.5482133 0.5432664 0.5359313 0.5350557 0.5349885 0.5299647 0.5247061 0.4309465 0.528314 0.5121047 0.5721369 0.4933232
0.3021466 0.3057157 -99 -99 -99 -99 -99 -99 -99 -99 -99 -99 -99 -99 -99 -99 -99 -99 -99 -99 -99 -99 -99 -99 -99 -99 -99 0.4375733 0.4526249 0.4915472 0.4421312 0.3944661 0.3922813 0.3900418 0.489231 0.4895939 0.4899157 0.4945636 0.5032593 0.5089808 0.5123013 0.512318 0.5125831 0.4616585 0.4612296 0.5219119 0.5118499 0.4673881 0.4688111 0.4688318 0.5186684 0.5177172 0.4735332 0.5182894 0.5284512 0.5374636 0.5419177 0.538028 0.5325896 0.5216306 0.5219396 0.5383111 0.4946594 0.5423531 0.5364579 0.5340626 0.4885167 0.4320174 0.5270287 0.4271012 0.5211411 0.4655153 0.5194317 0.5206295
0.2989136 0.3056136 0.3112018 0.3110226 0.3085811 -99 -99 -99 -99 -99 -99 -99 -99 -99 -99 -99 -99 -99 -99 -99 -99 -99 -99 -99 -99 -99 -99 -99 0.404967 0.3555594 0.5016736 0.4907826 0.4915342 0.4893585 0.4905631 0.4426877 0.4877084 0.4395283 0.4922652 0.5019332 0.4566098 0.4649678 0.5123521 0.4618483 0.4611607 0.361395 0.4652166 0.4728574 0.5201081 0.5204381 0.4754741 0.5255882 0.4735616 0.5232168 0.5281983 0.4812953 0.4880925 0.5320695 0.5056198 0.4751896 0.4806852 0.5388783 0.5403017 0.5415425 0.5295276 0.5203847 0.4784157 0.521082 0.5269486 0.5164551 0.52298 0.4746735 0.4676823 0.5245791
0.3117704 0.3155884 0.3127355 0.3186642 0.3150631 0.2087883 0.2264454 0.2319952 -99 -99 -99 -99 -99 -99 -99 -99 -99 -99 -99 -99 -99 -99 -99 -99 -99 -99 -99 -99 0.5057672 0.4096051 0.4043025 0.4931293 0.4913332 0.4888518 0.4898259 0.4927201 0.4925054 0.4902298 0.4908437 0.4947581 0.4973753 0.5037881 0.5098045 0.512323 0.5128798 0.5210754 0.4671392 0.3751706 0.5255563 0.4746765 0.5249322 0.474982 0.5243047 0.4745518 0.4813937 0.4870882 0.5388224 0.4812806 0.5289468 0.4886718 0.4841458 0.5352504 0.4801251 0.5274178 0.5296049 0.5220666 0.5290385 0.5273588 0.4756378 0.5149669 0.478763 0.5278972 0.5278221 0.5676153
0.3195435 0.3212965 0.3151435 0.3137558 0.3189574 0.2246369 0.2292953 0.2325302 0.2406261 0.2469036 -99 -99 -99 -99 -99 -99 -99 -99 -99 -99 -99 -99 -99 -99 -99 -99 -99 -99 -99 0.5040324 0.5066942 0.4959446 0.4951141 0.494866 0.4947832 0.4943315 0.495492 0.4955949 0.4947955 0.4964378 0.497297 0.4994107 0.5053146 0.4614851 0.4638175 0.5248675 0.3713288 0.4727393 0.474123 0.4743305 0.5245239 0.5251672 0.5248169 0.4732873 0.4781687 0.483567 0.4885189 0.5343406 0.4316968 0.5321356 0.4775135 0.3827268 0.482922 0.3825693 0.5298636 0.5219983 0.5304217 0.4778561 0.5270708 0.5249531 0.4749974 0.5765628 0.525722 0.5244325
0.3214088 0.3300405 0.3213739 0.3188342 0.3267818 0.3323438 0.3318873 0.3431898 0.2474892 0.2568394 0.2606733 -99 -99 -99 -99 -99 -99 -99 -99 -99 -99 -99 -99 -99 -99 -99 -99 -99 -99 0.4916432 0.4924465 0.4922243 0.4926768 0.4954911 0.4964995 0.4954374 0.4969685 0.499114 0.5002257 0.4983137 0.4988931 0.4997587 0.3530033 0.4578801 0.4652181 0.4750954 0.4730615 0.5229363 0.4739634 0.474245 0.4739801 0.5239288 0.5238331 0.5231112 0.5206288 0.5265382 0.5315414 0.4820199 0.4822403 0.5343419 0.5309126 0.5293199 0.3849209 0.4843824 0.5321133 0.5306284 0.4794671 0.5193121 0.4727904 0.5264204 0.4728992 0.5173369 0.5393869 0.4548808
0.2192643 0.218377 0.3163293 0.3244116 0.3344573 0.3395558 0.3885926 0.3883406 0.3453914 0.2491741 0.2632785 0.281653 0.2924446 0.2940168 0.4904079 0.3948819 -99 -99 -99 0.4291739 -99 -99 -99 -99 -99 -99 -99 -99 -99 -99 0.4894182 0.5396906 0.4929408 0.4960365 0.4950105 0.4942495 0.4938514 0.4966872 0.5016356 0.4989328 0.3501463 0.3496397 0.5013141 0.4530147 0.4573274 0.3725804 0.4713796 0.4717963 0.4728459 0.5232431 0.4730394 0.4728078 0.4731098 0.5227343 0.5221717 0.4756742 0.4821678 0.5321631 0.5342205 0.5346956 0.4860471 0.5320498 0.5357351 0.5346479 0.4862808 0.4829296 0.4185215 0.4226991 0.4736837 0.5225977 0.5215331 0.5156563 0.552125 0.4494469
0.3199853 0.2247381 0.3319256 0.3378163 0.3372805 0.3446289 0.3865238 0.3829358 0.3436208 0.3545968 0.3778017 0.2910384 0.2934899 0.2905091 0.2883245 0.391112 0.4429591 0.395503 0.4093844 0.4242838 0.4246477 -99 -99 -99 -99 -99 -99 -99 -99 -99 0.4916186 0.4947562 0.4942405 0.4906362 0.4904468 0.4906482 0.4908733 0.4934981 0.4953696 0.3521915 0.5025933 0.4999999 0.5036104 0.4569424 0.4580379 0.4663293 0.5167453 0.4672633 0.51786 0.521659 0.5220683 0.5218184 0.4715169 0.4212278 0.4219679 0.5253243 0.5336652 0.5371357 0.3871993 0.4348824 0.5383142 0.4845006 0.4890182 0.539937 0.4832723 0.4775669 0.4763957 0.3788119 0.524112 0.5654149 0.4704741 0.5071167 0.4880886 0.5045907
0.3636093 0.3210714 0.3294978 0.3340333 0.3336333 0.3825618 0.3875475 0.3884619 0.3504331 0.3727541 0.3926777 0.2970894 0.2881163 0.4016582 0.405941 0.4616871 0.4128476 0.4133397 0.4273882 0.4311312 0.4332825 0.4380109 0.4321916 0.4335594 -99 -99 -99 -99 -99 -99 -99 0.4858083 0.4889272 0.4900135 0.4926886 0.495848 0.4952948 0.4934038 0.4927871 0.4948445 0.3487613 0.3497911 0.3524321 0.4541517 0.4542615 0.4655031 0.4658359 0.4661248 0.521439 0.5184579 0.4685212 0.5181839 0.5174853 0.5214041 0.5239121 0.5250071 0.5355546 0.5424123 0.5434962 0.5415562 0.4927666 0.4916432 0.4914691 0.4896221 0.4846504 0.4736691 0.5286974 0.5258478 0.5268566 0.528734 0.4503486 0.524958 0.5327668 0.5030543
0.3758614 0.37036 0.222985 0.3397611 0.3352801 0.3862219 0.3401646 0.360892 0.3795559 0.3903114 0.395125 0.3968152 0.4515057 0.4040606 0.4077744 0.4102046 0.4602765 0.4131245 0.4300928 0.4813886 0.4314579 0.4308216 0.4340553 0.4349803 -99 -99 -99 -99 -99 -99 -99 -99 -99 0.4907763 0.4891135 0.4446105 0.4952161 0.4453548 0.4975672 0.4975984 0.4480384 0.4520611 0.3527949 0.4519148 0.45266 0.4581487 0.4663696 0.4689916 0.5207483 0.5211611 0.5213712 0.4679166 0.5173595 0.5240663 0.5255176 0.5260779 0.5371879 0.4940096 0.4945493 0.4942264 0.5438344 0.4903604 0.4899417 0.5370108 0.5359714 0.5275389 0.4742094 0.5243638 0.5284584 0.5249742 0.5021524 0.5224258 0.4124003 0.5097642
0.3773019 0.373548 0.3735962 0.226658 0.3311997 0.3357126 0.3534702 0.360892 0.3795559 0.3903114 0.395125 0.3968152 0.4515057 0.4040606 0.4077744 0.4102046 0.4602765 0.4131245 0.4300928 0.4813886 0.4314579 0.4308216 0.4340553 0.4349803 -99 -99 -99 -99 -99 -99 -99 -99 -99 0.4907763 0.4891135 0.4446105 0.4952161 0.4453548 0.4975672 0.4975984 0.4480384 0.4520611 0.3527949 0.4519148 0.45266 0.4581487 0.4663696 0.4689916 0.5207483 0.5211611 0.5213712 0.4679166 0.5173595 0.5240663 0.5255176 0.5260779 0.5371879 0.4940096 0.4945493 0.4942264 0.5438344 0.4903604 0.4899417 0.5370108 0.5359714 0.5275389 0.4742094 0.5243638 0.5284584 0.5249742 0.5021524 0.5224258 0.4124003 0.5097642
0.3773019 0.373548 0.3735962 0.226658 0.3311997 0.3357126 0.3534702 0.3719375 0.3759488 0.4323614 0.3954107 0.3954891 0.4017238 0.3940143 0.4079548 0.3926957 0.447289 0.4153689 0.480588 0.4310955 0.4059598 0.4285077 0.4379716 0.4401836 0.341664 -99 -99 -99 -99 -99 -99 -99 -99 -99 -99 -99 0.4981703 0.4488953 0.499656 0.4997923 0.4484579 0.4524871 0.3547041 0.4589293 0.4616994 0.4602247 0.5157532 0.4688065 0.5151378 0.4664139 0.4670624 0.5175623 0.517583 0.4752662 0.4763623 0.5284225 0.4900433 0.5456859 0.5457356 0.4941133 0.5438373 0.4916399 0.5381643 0.4880024 0.5405205 0.5366198 0.5354822 0.5294024 0.4762253 0.4977422 0.4718752 0.5230601 0.4807484 0.474575
0.3795101 0.3734724 0.4249275 0.3299084 0.3936274 0.3417377 0.4471663 0.4643587 0.4157329 0.3769925 0.2866795 0.3849268 0.38693 0.4344197 0.491876 0.4560338 0.4096715 0.414581 0.482399 0.4353904 0.4778117 0.4343925 0.4381441 0.4905037 0.4410473 -99 -99 -99 -99 -99 -99 -99 -99 -99 -99 -99 -99 0.4988479 0.4984164 0.3454136 0.3522268 0.3507228 0.350412 0.4535108 0.4586327 0.4539298 0.5170482 0.5139935 0.4640512 0.5150209 0.5176021 0.4691772 0.5241808 0.5220188 0.5291456 0.5372924 0.4916972 0.5458822 0.4950675 0.5436487 0.4967175 0.5445285 0.4912797 0.5361257 0.5369198 0.541516 0.5399985 0.5369253 0.5241529 0.4957533 0.4819525 0.5024983 0.4950837 0.4902057
0.3742459 0.3743081 0.4312619 0.3363036 0.4157713 0.3414152 0.4560653 0.4750904 0.427376 0.3866855 0.2920067 0.3948092 0.3837247 0.420419 0.4861666 0.4434933 0.4078996 0.4112678 0.4788902 0.4341903 0.4839938 0.4377228 0.4378035 0.4882139 0.4424281 -99 -99 -99 -99 -99 -99 -99 -99 -99 -99 -99 -99 0.4975273 0.4986301 0.3440754 0.3476722 0.3487873 0.3497266 0.4505775 0.448385 0.4516223 0.5137977 0.5152952 0.4664387 0.5165186 0.5179274 0.4749148 0.5264531 0.5258659 0.5335086 0.5373921 0.490792 0.546419 0.4924178 0.547304 0.490703 0.5409894 0.4840905 0.5328893 0.5346415 0.5373921 0.5382844 0.5413351 0.5089656 0.4984191 0.4862812 0.5073755 0.4983066 0.4955977
0.3250498 0.3277995 0.3838117 0.3852863 0.3507587 0.3574052 0.3554754 0.3733146 0.4327314 0.4403237 0.3912303 0.3905329 0.4457734 0.3766314 0.381408 0.4392547 0.4411036 0.4433825 0.3979704 0.4268092 0.5346375 0.4375993 0.4385422 0.4379825 0.4424468 0.4503609 0.3476376 -99 -99 -99 -99 -99 -99 -99 -99 -99 -99 0.3430583 0.3484389 0.3481901 0.4473698 0.4468361 0.44744 0.4966919 0.4947927 0.4498573 0.4495986 0.5151706 0.516044 0.5194372 0.5208238 0.472516 0.4724729 0.5272576 0.5300217 0.481874 0.4846465 0.5415599 0.440194 0.4879553 0.4811945 0.4864527 0.5383081 0.5377052 0.4861691 0.4889902 0.4934644 0.5359849 0.464931 0.5094815 0.4712981 0.4878469 0.4981547 0.4909954
