data/maps/product.txt
ncols         643
nrows         661
xllcorner     8515.9999992026
yllcorner     47670.999937602
cellsize      1000
NODATA_value  -99
[rows 66 to 98 of 661, columns 222 to 295 of 643]
-99 -99 -99 -99 -99 -99 -99 -99 -99 -99 -99 -99 -99 -99 -99 -99 -99 -99 -99 -99 -99 -99 -99 -99 -99 -99 -99 -99 -99 -99 -99 -99 -99 -99 -99 -99 -99 -99 -99 -99 -99 -99 -99 -99 -99 -99 -99 -99 -99 -99 -99 -99 -99 -99 -99 -99 -99 -99 -99 -99 -99 -99 -99 -99 -99 -99 -99 -99 -99 -99 -99 -99 -99 -99
-99 -99 -99 -99 -99 -99 -99 -99 -99 -99 -99 -99 -99 -99 -99 -99 -99 -99 -99 -99 -99 -99 -99 -99 -99 -99 -99 -99 -99 -99 -99 -99 -99 -99 -99 -99 -99 -99 -99 -99 -99 -99 -99 -99 -99 -99 -99 -99 -99 -99 -99 -99 -99 -99 -99 -99 -99 -99 -99 -99 -99 -99 -99 -99 -99 -99 -99 -99 -99 -99 -99 -99 -99 -99
-99 -99 -99 -99 -99 -99 -99 -99 -99 -99 -99 -99 -99 -99 -99 -99 -99 -99 -99 -99 -99 -99 -99 -99 -99 -99 -99 -99 -99 -99 -99 -99 -99 -99 -99 -99 -99 -99 -99 -99 -99 -99 -99 -99 -99 -99 -99 -99 -99 -99 -99 -99 -99 -99 -99 -99 -99 -99 -99 -99 -99 -99 -99 -99 -99 -99 -99 -99 -99 -99 -99 -99 -99 -99
-99 -99 -99 -99 -99 -99 -99 -99 -99 -99 -99 -99 -99 -99 -99 -99 -99 -99 -99 -99 -99 -99 -99 -99 -99 -99 -99 -99 -99 -99 -99 -99 -99 -99 -99 -99 -99 -99 -99 -99 -99 -99 -99 -99 -99 -99 -99 -99 -99 -99 -99 -99 -99 -99 -99 -99 -99 -99 -99 -99 -99 -99 -99 -99 -99 -99 -99 -99 -99 -99 -99 -99 -99 0.3707489
-99 -99 -99 -99 -99 -99 -99 -99 -99 -99 -99 -99 -99 -99 -99 -99 -99 -99 -99 -99 -99 -99 -99 -99 -99 -99 -99 -99 -99 -99 -99 -99 -99 -99 -99 -99 -99 -99 -99 -99 -99 -99 -99 -99 -99 -99 -99 -99 -99 -99 -99 -99 -99 -99 -99 -99 -99 -99 -99 -99 -99 -99 -99 -99 -99 -99 -99 -99 -99 -99 -99 -99 -99 0.3707489
-99 -99 -99 -99 -99 -99 -99 -99 -99 -99 -99 -99 -99 -99 -99 -99 -99 -99 -99 -99 -99 -99 -99 -99 -99 -99 -99 -99 -99 -99 -99 -99 -99 -99 -99 -99 -99 0.5518574 0.5255994 -99 -99 -99 -99 -99 -99 -99 -99 -99 -99 -99 -99 -99 -99 -99 -99 -99 -99 -99 -99 -99 -99 -99 -99 -99 -99 -99 -99 -99 -99 -99 -99 -99 0.3891036 0.391592
-99 -99 -99 -99 -99 -99 -99 -99 -99 -99 -99 -99 -99 -99 -99 -99 -99 -99 -99 -99 -99 -99 0.4917894 0.4632837 -99 -99 -99 -99 -99 -99 -99 -99 -99 0.4890393 0.5066226 0.511649 0.4371551 0.5119632 0.5010657 0.4985464 -99 -99 -99 -99 -99 -99 -99 -99 -99 -99 -99 -99 -99 -99 -99 -99 -99 -99 -99 -99 -99 -99 -99 -99 -99 -99 -99 -99 -99 -99 0.2781312 0.3792386 0.3915538 0.393521
-99 -99 -99 -99 -99 -99 -99 -99 -99 -99 -99 -99 -99 -99 -99 -99 -99 -99 -99 -99 -99 0.4913645 0.4792318 0.4538342 0.4385098 0.4399168 0.4193704 0.4873841 0.5005195 0.4992559 0.5031732 0.5052299 0.4920713 0.4920985 0.460344 0.4457845 0.4080963 0.4766974 0.4388044 0.4360102 0.4740312 -99 -99 0.4664849 0.4522769 0.4424933 0.4276838 0.4299385 0.3669207 0.3269562 0.2302865 0.3332263 -99 -99 -99 -99 -99 -99 -99 -99 -99 -99 -99 -99 -99 -99 -99 -99 0.2717967 0.2709082 0.2739083 0.2752543 0.3770413 0.3889976
-99 -99 -99 -99 0.4772796 0.4832118 0.4806351 -99 -99 -99 -99 -99 -99 -99 -99 -99 -99 -99 -99 -99 0.4729675 0.4621538 0.4529183 0.4502329 0.4423067 0.4420477 0.422554 0.4954521 0.5039057 0.4845891 0.443593 0.4419444 0.4318311 0.4370498 0.4629476 0.4365478 0.4137924 0.4470943 0.4243099 0.4162169 0.4328795 0.5234598 0.4337972 0.4715941 0.4629773 0.4469316 0.4387103 0.369232 0.2293867 0.22878 0.2315979 0.3333762 0.3406146 0.3480186 0.3778463 -99 -99 -99 -99 -99 -99 -99 -99 -99 -99 -99 -99 -99 -99 0.2904257 0.2857108 0.2863699 0.3692099 0.3853577
-99 -99 -99 -99 0.4772796 0.4832118 0.4806351 -99 -99 -99 -99 -99 -99 -99 -99 -99 -99 0.4447347 0.4965813 0.445751 0.439405 0.4403851 0.4414414 0.4405424 0.4234934 0.4061973 0.4316001 0.5105968 0.499552 0.4631231 0.4372546 0.437948 0.4092145 0.4270163 0.4268401 0.4016542 0.4112216 0.4274951 0.4312559 0.4311585 0.4361012 0.4937103 0.5671857 0.4578183 0.4325565 0.4194843 0.4185841 0.3705996 0.1846662 0.1807074 0.2302753 0.3279088 0.333326 0.3329723 0.3367159 0.4270468 0.462319 0.4127034 0.3855379 0.3535644 0.3279738 0.3763716 0.3537056 0.248097 0.171612 0.2156094 0.3659638 0.3730085 0.3977625 0.4171905 0.4139966 0.4091496 0.4002064 0.3846327
0.4349071 0.481536 0.4812325 0.4814492 0.4755237 0.4786525 0.4598409 0.4394608 0.4371806 -99 -99 -99 -99 -99 -99 -99 -99 0.4447347 0.4965813 0.445751 0.439405 0.4403851 0.4414414 0.4405424 0.4234934 0.4061973 0.4316001 0.5105968 0.499552 0.4631231 0.4372546 0.437948 0.4032351 0.4059282 0.3391746 0.3362268 0.4061894 0.3981667 0.4127145 0.4193801 0.431714 0.4698976 0.5119339 0.4371913 0.4219622 0.3528989 0.3410748 0.3368875 0.366911 0.3357896 0.332074 0.3356419 0.342804 0.4097388 0.4278965 0.4365084 0.4155819 0.4075754 0.3620551 0.3409222 0.3595077 0.3812447 0.3346503 0.3314525 0.2069158 0.219398 0.3780907 0.391569 0.4079954 0.4293645 0.4293938 0.4183849 0.411156 0.3904124
0.4850289 0.4825816 0.4802257 0.4810006 0.4578403 0.4497426 0.4340459 0.4813352 0.4534744 0.4752629 0.4823944 0.5166751 -99 -99 -99 -99 0.489893 0.4861131 0.4899702 0.4936096 0.450495 0.4331933 0.4310181 0.4087103 0.3604359 0.395049 0.460492 0.5058569 0.5179272 0.4851495 0.4450378 0.4418882 0.4032351 0.4059282 0.3391746 0.3362268 0.4061894 0.3981667 0.4127145 0.4193801 0.431714 0.4698976 0.5119339 0.4371913 0.4219622 0.3502971 0.3862347 0.3799313 0.4394414 0.4099782 0.3464515 0.2365666 0.2324595 0.3338659 0.3466098 0.4478686 0.4201548 0.3930478 0.3592165 0.3597455 0.3677088 0.4443649 0.3879746 0.2571326 0.2083537 0.219867 0.3899462 0.3956955 0.4073662 0.4302607 0.4316865 0.4308463 0.4198582 0.410456
0.4799918 0.4840326 0.4832053 0.4738362 0.4481339 0.4368439 0.4329575 0.4532534 0.4720874 0.4529256 0.4762351 0.4892452 0.4835749 -99 -99 0.5046275 0.509756 0.5115026 0.5096536 0.5008143 0.4550176 0.4488701 0.4232677 0.3709648 0.4055958 0.4231105 0.4902885 0.4981212 0.5020562 0.4785976 0.452346 0.4632407 0.4289455 0.2971758 0.348176 0.3420629 0.3974266 0.3385099 0.4100306 0.4266696 0.4345191 0.4791968 0.4767773 0.4321398 0.4155644 0.3502971 0.3862347 0.3799313 0.4394414 0.4099782 0.3464515 0.2365666 0.2324595 0.3338659 0.3466098 0.4478686 0.4200483 0.4212095 0.3973228 0.3884843 0.3950397 0.3917647 0.3516244 0.2444017 0.2117024 0.2277365 0.3815128 0.3918275 0.4085048 0.4301039 0.429157 0.417092 0.400226 0.3956406
0.4582435 0.4853967 0.4625953 0.4384279 0.4930728 0.4825304 0.4899971 0.4553897 0.4714978 0.5223248 0.4889511 0.4943823 0.4903252 0.5295675 0.5105705 0.5377027 0.4874408 0.5309677 0.4827469 0.5309667 0.4851992 0.4605297 0.4301288 0.4407807 0.4361713 0.4433874 0.4847477 0.4648091 0.4754494 0.4773358 0.4858656 0.4818591 0.4716456 0.395691 0.386262 0.4314012 0.4318064 0.4408667 0.446525 0.4379815 0.4476825 0.4844475 0.4743337 0.4308146 0.4216759 0.4031435 0.3961652 0.4077265 0.4322424 0.4325865 0.4212259 0.2892976 0.2378144 0.2367982 0.3348956 0.3736325 0.4200483 0.4212095 0.3973228 0.3884843 0.3950397 0.3917647 0.3516244 0.2444017 0.2117024 0.2277365 0.2808045 0.2700669 0.3015332 0.4273784 0.4187868 0.4064375 0.2838013 0.3929808
0.4573535 0.4892198 0.4791419 0.453569 0.4895224 0.4934492 0.4745136 0.4716248 0.4740891 0.4897495 0.5023407 0.489067 0.4807781 0.464457 0.4586321 0.4487773 0.5069272 0.4692851 0.5232731 0.4718844 0.4993765 0.4755822 0.4588808 0.4543166 0.4726009 0.4699435 0.4435881 0.4883731 0.4890588 0.4935763 0.4975263 0.4776517 0.4437315 0.3815624 0.4635215 0.4778886 0.4669813 0.4570909 0.4827429 0.4492925 0.465344 0.5022542 0.4510289 0.4363622 0.4301419 0.4047205 0.4072353 0.4147544 0.4375595 0.439045 0.3546313 0.3458442 0.3505083 0.2479744 0.3427488 0.4228946 0.4671546 0.4151169 0.3825136 0.3603863 0.3508811 0.3494144 0.3646318 0.2414149 0.2074682 0.2166984 0.2808045 0.2700669 0.3015332 0.4273784 0.4187868 0.4064375 0.2838013 0.3929808
0.4518348 0.4838622 0.4782605 0.4687597 0.4560901 0.4785828 0.4983363 0.4883015 0.4882919 0.5027879 0.5003529 0.48647 0.4782983 0.4885596 0.490657 0.467151 0.4765508 0.4858492 0.4898524 0.4924465 0.4733849 0.4766195 0.4841077 0.4886031 0.4924801 0.4943488 0.476738 0.5103013 0.5250502 0.517359 0.4842735 0.4833466 0.4648693 0.3863948 0.412103 0.4664782 0.4484965 0.4559118 0.483093 0.492733 0.489222 0.492376 0.4433155 0.437279 0.4349563 0.4050459 0.4033713 0.4193019 0.4768281 0.4402895 0.4135169 0.3558053 0.3671669 0.380959 0.3487461 0.4015119 0.4357364 0.3978305 0.3651408 0.3472615 0.3573363 0.3530552 0.3568865 0.2285901 0.2415892 0.1959524 0.2559816 0.2694603 0.2884313 0.4100854 0.3965688 0.2820462 0.3826522 0.4037739
0.4685217 0.487842 0.4857866 0.4835489 0.4901861 0.5044913 0.4784693 0.4821354 0.5024221 0.5017869 0.4762146 0.4760023 0.4709386 0.4715568 0.4696019 0.4549392 0.4547549 0.4529456 0.4507993 0.4529495 0.4448181 0.4802706 0.4825754 0.4907277 0.4965169 0.5088674 0.5045384 0.5041937 0.5336353 0.5501763 0.5184957 0.477697 0.4740196 0.3976271 0.3931238 0.4458925 0.42687 0.4381235 0.4552439 0.4937107 0.4718592 0.4874858 0.5016162 0.4900202 0.4424829 0.4175459 0.4188466 0.4366072 0.4412216 0.4443 0.3670297 0.4202852 0.4373359 0.4572986 0.4474922 0.4765125 0.4922011 0.4140888 0.3658252 0.3608058 0.3493251 0.3564664 0.3567022 0.353633 0.3663943 0.1894012 0.210305 0.2236211 0.2204628 0.2777281 0.2803806 0.3919418 0.3980994 0.390823
0.4786735 0.4819239 0.4722723 0.4773996 0.4762942 0.4777868 0.4380134 0.4363962 0.5030531 0.4790432 0.433556 0.4354526 0.4472984 0.4722543 0.4809183 0.4523259 0.4463103 0.4352865 0.4339729 0.435993 0.4526905 0.4854199 0.4845727 0.4830496 0.4812778 0.5011848 0.5432777 0.512787 0.5454014 0.5501664 0.5316445 0.496855 0.5141988 0.4399352 0.390348 0.4457327 0.455714 0.4538139 0.4717693 0.4449019 0.4577499 0.4507687 0.4477364 0.5136474 0.4354608 0.4263092 0.4381287 0.448875 0.436259 0.3794892 0.3764516 0.4434024 0.4556711 0.4764101 0.4948291 0.4853282 0.4933237 0.4259482 0.3877929 0.3731303 0.38605 0.4412273 0.3923092 0.37646 0.3767189 0.3672887 0.1777155 0.2118799 0.2213086 0.2307975 0.3195819 0.3702605 0.3715702 0.3802112
0.4559977 0.4573453 0.4348835 0.4264115 0.4539792 0.4421795 0.423874 0.4802268 0.4959143 0.4419472 0.4714983 0.4782152 0.4391133 0.4798757 0.4822564 0.483384 0.406459 0.337413 0.3371907 0.3964965 0.4856556 0.4942038 0.4913211 0.4891255 0.50176 0.4944058 0.5056211 0.5636735 0.5685691 0.5639972 0.5473284 0.5311093 0.5029035 0.4192663 0.2871232 0.2832432 0.3755409 0.4266765 0.441104 0.4459752 0.4442497 0.4349108 0.4453569 0.5094079 0.4654884 0.4404139 0.4483116 0.4704155 0.4455675 0.4424079 0.4440582 0.4672159 0.4677109 0.4855686 0.469002 0.4905691 0.4419511 0.4363246 0.4020908 0.3633814 0.3796504 0.4017478 0.4154868 0.4144997 0.4019302 0.3822722 0.257301 0.2041184 0.217364 0.2326715 0.2177596 0.3663883 0.3718761 0.3655264
0.4559977 0.4573453 0.4348835 0.4264115 0.4539792 0.4421795 0.423874 0.4802268 0.4959143 0.4419472 0.4714983 0.4782152 0.4391133 0.4798757 0.4822564 0.4621731 0.4106855 0.2885233 0.3887964 0.4018471 0.4799786 0.4888068 0.5009362 0.4946288 0.4938499 0.4866129 0.5088732 0.5081432 0.5960874 0.559549 0.534275 0.5385923 0.5122238 0.5034117 0.4016247 0.3975455 0.4502504 0.4497277 0.4664535 0.4381973 0.4309794 0.4186337 0.4391972 0.4649997 0.4973659 0.4888821 0.4802673 0.4644586 0.4412752 0.4513361 0.4697091 0.4752884 0.5011902 0.5305991 0.4886934 0.438896 0.4100391 0.4136457 0.4037631 0.383339 0.3899932 0.4104931 0.4317931 0.4174873 0.4124563 0.3883629 0.3694073 0.2058752 0.2014336 0.2046127 0.2295005 0.2025401 0.3633761 0.3764202
0.4442513 0.4346253 0.4578282 0.421471 0.4230516 0.4252805 0.4811392 0.4942234 0.4814127 0.4774966 0.4703929 0.4835771 0.4871953 0.4594768 0.4703915 0.4621731 0.4106855 0.2885233 0.3887964 0.4018471 0.4799786 0.4888068 0.5009362 0.4946288 0.4938499 0.4866129 0.5088732 0.5081432 0.5960874 0.559549 0.534275 0.5261914 0.5093004 0.5151041 0.3936825 0.4438508 0.4779151 0.4848659 0.4673782 0.3725998 0.370297 0.3822629 0.4001949 0.4682193 0.463787 0.5012267 0.4489868 0.439319 0.4395961 0.4496855 0.4837084 0.5172608 0.4773669 0.4810717 0.5286449 0.4496822 0.4048657 0.382457 0.3968082 0.4084556 0.4160188 0.436255 0.4488648 0.41135 0.4097654 0.388049 0.2674729 0.193843 0.1967704 0.1928905 0.1941918 0.2481585 0.355738 0.3568731
0.4463393 0.4249306 0.4688359 0.4111012 0.4237687 0.4888941 0.5001688 0.4737839 0.4439559 0.4726687 0.4727007 0.4847448 0.4795181 0.4523267 0.4317358 0.4492416 0.4003335 0.3995571 0.4480558 0.4505449 0.4796591 0.4805902 0.4882768 0.4975342 0.4815159 0.4874302 0.5059445 0.4824921 0.5296028 0.5771418 0.5402564 0.5261914 0.5093004 0.5151041 0.3936825 0.4438508 0.4779151 0.4848659 0.4673782 0.3725998 0.370297 0.3770382 0.4001949 0.4682193 0.4907194 0.5084845 0.462599 0.3999112 0.4324834 0.4022782 0.4654033 0.4998761 0.5087302 0.5086982 0.4471369 0.4323413 0.3903388 0.3846101 0.4619769 0.4785715 0.4387705 0.4534768 0.4801448 0.416113 0.4136312 0.3871131 0.1996746 0.1968452 0.2052193 0.1920338 0.235208 0.3417423 0.3602265 0.3505944
0.4963537 0.4925736 0.4448379 0.4876657 0.4464811 0.487931 0.4696206 0.4465623 0.4832979 0.4813362 0.4786406 0.4949708 0.4874555 0.4706167 0.4482516 0.40912 0.4885367 0.4811746 0.4905857 0.4749727 0.4849938 0.4712876 0.4849482 0.4813451 0.4834426 0.4848864 0.5060142 0.4884239 0.5369916 0.5827391 0.5431697 0.5146344 0.5137962 0.517241 0.4661683 0.4675433 0.4936673 0.4891367 0.4594115 0.3813745 0.3798923 0.3799619 0.3898181 0.4514867 0.4907194 0.5084845 0.462599 0.3999112 0.4324834 0.4022782 0.4654033 0.4998761 0.5087302 0.5086982 0.4471369 0.4323413 0.4056074 0.4614747 0.4259353 0.4496158 0.4612656 0.4680076 0.4545397 0.4378918 0.4035566 0.2679009 0.1858633 0.2460251 0.2386597 0.2485091 0.3356152 0.3532666 0.3506937 0.3617965
0.4878062 0.4851911 0.487146 0.4799805 0.4727834 0.4798707 0.4931406 0.4524083 0.4701225 0.4629467 0.4669704 0.4815996 0.472263 0.4642052 0.4537092 0.4726339 0.4739265 0.4788552 0.4728546 0.4698345 0.4643072 0.4709471 0.4768097 0.4824603 0.5068721 0.4988079 0.5092317 0.479175 0.525255 0.5724728 0.5363708 0.5172739 0.4970146 0.5161169 0.4902408 0.4979213 0.509002 0.5047702 0.4635156 0.3796999 0.2307706 0.2841554 0.4746915 0.4533127 0.461789 0.4835717 0.5040822 0.4625979 0.4505636 0.5007095 0.4994828 0.5023541 0.5329645 0.488112 0.4193894 0.4254233 0.4056074 0.4614747 0.4259353 0.4496158 0.4612656 0.4680076 0.4545397 0.4378918 0.4035566 0.3122818 0.1827023 0.2832385 0.2905754 0.289073 0.3547998 0.3668835 0.3746077 0.3724098
0.4720781 0.4760849 0.4429869 0.48412 0.483061 0.4794233 0.4927975 0.492243 0.4582531 0.4623404 0.4747294 0.478043 0.4680665 0.4493302 0.4514494 0.4595473 0.4693205 0.4663005 0.4637145 0.4539518 0.4590035 0.4756922 0.4438751 0.4610751 0.464854 0.4624108 0.5125791 0.4556753 0.5232276 0.5146143 0.5130913 0.5047572 0.495987 0.5428513 0.4994596 0.4578803 0.5174717 0.4950084 0.4606117 0.3716137 0.2865803 0.2771249 0.4326104 0.4818257 0.4686893 0.472933 0.4987747 0.468723 0.4479809 0.5006934 0.4910998 0.4719653 0.462213 0.4640999 0.486397 0.4373622 0.4720067 0.4633599 0.4413204 0.4811136 0.4731355 0.4482699 0.4777654 0.4355095 0.3921437 0.3122818 0.1827023 0.2832385 0.2905754 0.289073 0.3547998 0.3668835 0.3746077 0.3724098
0.4534065 0.4558736 0.4552329 0.4693318 0.4777231 0.4842986 0.4754608 0.4555082 0.4902429 0.4816558 0.4899063 0.4798729 0.4690037 0.400892 0.4116271 0.46005 0.4490063 0.4626777 0.4628627 0.4606028 0.4521973 0.46976 0.4693894 0.5104193 0.5104971 0.5112471 0.4959928 0.4917615 0.5352181 0.5589174 0.5122841 0.505361 0.4975439 0.5552003 0.4508838 0.4831596 0.5268098 0.4925531 0.4593814 0.4338897 0.4272031 0.3793836 0.3949001 0.4127033 0.4659962 0.4738551 0.4524159 0.4660174 0.4489691 0.5085308 0.4656738 0.4753206 0.4434949 0.439802 0.4407897 0.4536545 0.4378458 0.441148 0.4392854 0.4316297 0.4327132 0.440896 0.4398614 0.4208724 0.3912938 0.3808381 0.3471918 0.3413035 0.3547985 0.3393382 0.3569011 0.3757775 0.3922876 0.3868779
0.4497548 0.4497231 0.4569364 0.4099184 0.4739256 0.4782672 0.4478737 0.4760889 0.4733189 0.4576518 0.4751421 0.4777983 0.4696448 0.4007941 0.3984591 0.4022159 0.4566312 0.4628987 0.3993684 0.4010232 0.4501725 0.4742452 0.4561107 0.4759755 0.4755487 0.4739898 0.4328965 0.4960974 0.5368371 0.5369183 0.4833221 0.4556711 0.4662077 0.56608 0.4534515 0.5144498 0.5393306 0.5020065 0.4851885 0.4679982 0.4530247 0.4312273 0.4381035 0.3886522 0.4506546 0.4639135 0.521229 0.453898 0.4512731 0.4520608 0.4211189 0.4423218 0.4299887 0.464327 0.507616 0.5046943 0.4248123 0.4317856 0.4454222 0.4859146 0.4813243 0.4420113 0.4476579 0.4118846 0.4013388 0.3824757 0.3547602 0.3716007 0.3833135 0.3857387 0.3728013 0.3784333 0.3786781 0.3959403
0.4513172 0.4658969 0.4613309 0.409207 0.4693458 0.4819005 0.4397405 0.4686543 0.4436497 0.4338287 0.4679205 0.4674748 0.461055 0.3976689 0.4002689 0.4081883 0.4847507 0.4620837 0.4120839 0.4129842 0.4898751 0.4755358 0.4713714 0.467247 0.4753459 0.4833646 0.4362052 0.4944036 0.4957855 0.534235 0.5434602 0.5151071 0.5380678 0.5732058 0.4635359 0.50265 0.5061576 0.5041047 0.5249429 0.5077114 0.488271 0.464713 0.4586079 0.3897773 0.4374801 0.4718982 0.5007284 0.4699674 0.4523675 0.4511973 0.5083551 0.5189718 0.4769391 0.5042598 0.5246652 0.5028333 0.50415 0.4820655 0.4870199 0.5104397 0.4745418 0.4351261 0.4633386 0.420667 0.4177733 0.3993679 0.3893319 0.3869361 0.3968024 0.4096336 0.4017869 0.3863424 0.3868585 0.390177
0.4840393 0.4899022 0.4627309 0.4498948 0.4548102 0.4651857 0.4740567 0.4517765 0.383361 0.4405747 0.466275 0.4600607 0.4550914 0.4576479 0.4104865 0.4238372 0.4662876 0.4652453 0.4635912 0.4523489 0.4631811 0.4704123 0.4634418 0.4659239 0.4731491 0.4831752 0.5042489 0.4666995 0.512987 0.5322326 0.5204186 0.5158766 0.5953086 0.5629032 0.5096676 0.5348819 0.5361822 0.5167823 0.558183 0.5305488 0.5131695 0.4999545 0.4954935 0.4561938 0.4018703 0.4781528 0.5096173 0.490771 0.4715703 0.4777865 0.527634 0.487433 0.4887533 0.4769446 0.504536 0.5187383 0.5374451 0.5269023 0.5194723 0.5148556 0.4943919 0.4822599 0.472874 0.4494186 0.4204061 0.3904797 0.3636611 0.3600741 0.3762423 0.3780794 0.3834849 0.4023657 0.4509445 0.3857717
0.4840393 0.4899022 0.4627309 0.4498948 0.4548102 0.4651857 0.4740567 0.4517765 0.383361 0.4405747 0.466275 0.4600607 0.4550914 0.4549958 0.4606761 0.496196 0.4735905 0.4728728 0.4187927 0.4000661 0.4554057 0.4869583 0.4793942 0.4770264 0.4761581 0.4725111 0.4860353 0.5007005 0.447796 0.4712014 0.5314049 0.5513922 0.5932326 0.5428503 0.5264956 0.48349 0.5364248 0.5432138 0.5111832 0.5409072 0.5324969 0.5071779 0.4793657 0.5140256 0.5021957 0.4900689 0.4805244 0.4896215 0.4826553 0.5137988 0.5563306 0.474412 0.4695837 0.4679139 0.4278733 0.4547511 0.5360317 0.5403197 0.517643 0.493161 0.4698158 0.4675799 0.5069378 0.4274006 0.4195014 0.3986894 0.3789917 0.3633541 0.3621958 0.3637663 0.3660877 0.3727277 0.4063988 0.4619155
0.4799696 0.4876693 0.4644162 0.452054 0.4489627 0.4684981 0.4606309 0.4436904 0.3748081 0.3840932 0.4528355 0.4643734 0.4520057 0.4549958 0.4606761 0.496196 0.4735905 0.4728728 0.4187927 0.4000661 0.4554057 0.4869583 0.4793942 0.4770264 0.4761581 0.4725111 0.4860353 0.5007005 0.447796 0.4712014 0.5353284 0.545265 0.6036388 0.5842857 0.5565233 0.4935671 0.5044366 0.4715537 0.4822514 0.5353662 0.4995534 0.4860263 0.5311105 0.5247182 0.5240574 0.5094847 0.4960482 0.5159805 0.5263695 0.4730466 0.4969293 0.4704017 0.4260327 0.4613822 0.4147063 0.4254139 0.5357312 0.5372234 0.4954573 0.463342 0.4671774 0.4923552 0.5002641 0.52647 0.4298286 0.4101137 0.4078499 0.3695969 0.3725978 0.37513 0.3651295 0.3923731 0.4042481 0.4037314
0.4652592 0.4720623 0.4666592 0.4509284 0.4661898 0.4720683 0.458864 0.4373368 0.3724704 0.3907765 0.4004892 0.482964 0.4776947 0.4297293 0.4457095 0.4387579 0.4966637 0.4869331 0.4651884 0.4734204 0.4657845 0.4851412 0.4664246 0.4755505 0.4724314 0.4761264 0.435756 0.4739772 0.4848787 0.5062903 0.5353284 0.545265 0.6036388 0.5842857 0.5565233 0.4935671 0.5044366 0.4715537 0.4822514 0.5353662 0.4995534 0.4860263 0.5311105 0.5559984 0.5163996 0.5202986 0.5299854 0.5238544 0.5668411 0.4707582 0.4174187 0.4424731 0.4948178 0.4325399 0.4229296 0.4618205 0.4641963 0.5385482 0.4784768 0.4497748 0.488663 0.5230402 0.511824 0.4785852 0.4252006 0.403768 0.4038718 0.3887233 0.3898091 0.3911992 0.3813638 0.365535 0.3753039 0.4527895
0.4550848 0.4705984 0.4770015 0.4672036 0.4839448 0.4855968 0.4672704 0.4420589 0.4480437 0.4567387 0.413373 0.4741849 0.4982264 0.4519323 0.5125255 0.520509 0.5072574 0.4874325 0.4843949 0.4016994 0.4541552 0.4908835 0.4969333 0.4895312 0.4850394 0.4946182 0.4974672 0.4939283 0.5255625 0.5413782 0.5383218 0.5345674 0.5423791 0.5483764 0.475978 0.4563448 0.4780793 0.5130563 0.5141468 0.5438778 0.5417555 0.5811976 0.5362951 0.5559984 0.5163996 0.5202986 0.5299854 0.5238544 0.5668411 0.4707582 0.4174187 0.4424731 0.4948178 0.4325399 0.4229296 0.4136632 0.4462959 0.5404944 0.4952421 0.4889261 0.5085701 0.5028419 0.4948082 0.4909137 0.423656 0.3978032 0.3947552 0.4005806 0.4176182 0.4229023 0.390626 0.3703091 0.3756914 0.3942726
