data/maps/product.txt
ncols         643
nrows         661
xllcorner     8515.9999992026
yllcorner     47670.999937602
cellsize      1000
NODATA_value  -99
[rows 264 to 296 of 661, columns 148 to 221 of 643]
0.5346769 0.4840411 0.4777741 0.453729 0.4235711 0.4165435 0.4278828 0.4366521 0.479611 0.4811047 0.4506495 0.4620632 0.5038781 0.504802 0.4561591 0.5057907 0.5578977 0.4508351 0.4858694 0.4877895 0.5139584 0.5174442 0.475183 0.4789707 0.4869345 0.3338087 0.3767203 0.5319275 0.5341197 0.5177372 0.5086131 0.5002524 0.5191017 0.5272764 0.5391425 0.4977135 0.5088663 0.5461035 0.5250923 0.520775 0.5808656 0.589003 0.5188894 0.5412915 0.5632557 0.4709969 0.4348935 0.4357651 0.4673233 0.4906789 0.4585573 0.4562514 0.4750869 0.3772101 0.4908045 0.4943556 0.45311 0.4548751 0.4749981 0.3856525 0.5007513 0.4467113 0.3951619 0.4754233 0.4827611 0.4259785 0.4267735 0.4328462 0.4874581 0.4758705 0.4373447 0.4959682 0.5037891 0.3683906
0.5289835 0.49589 0.4573606 0.463557 0.4178948 0.431974 0.4445569 0.4418351 0.4819199 0.4950487 0.4848483 0.4971824 0.5055664 0.502187 0.4529657 0.5038999 0.5516625 0.4324651 0.463097 0.4930094 0.4645193 0.4634044 0.4908456 0.4892237 0.4693966 0.3022568 0.3599289 0.5361428 0.4314863 0.5143303 0.4669001 0.5049416 0.5290596 0.5258414 0.5166086 0.5063072 0.5573657 0.5364386 0.5466333 0.5372478 0.5298007 0.5242131 0.5201581 0.5544876 0.4922262 0.4594499 0.4554684 0.4499191 0.4376269 0.4333253 0.4217081 0.4699248 0.4510064 0.5167862 0.4888616 0.5009857 0.4780793 0.4475659 0.3763852 0.397913 0.5078822 0.4481198 0.4132191 0.4561739 0.4678383 0.4272274 0.4276586 0.427117 0.4859526 0.4795951 0.4287913 0.491752 0.5043265 0.368861
0.4230184 0.4403677 0.4739638 0.4183654 0.412829 0.4619299 0.4180098 0.4340751 0.4450122 0.4451291 0.4393874 0.505792 0.4548799 0.492429 0.5020548 0.4527713 0.4468502 0.4762936 0.4871965 0.4664505 0.4868343 0.4634044 0.4908456 0.4892237 0.4693966 0.3022568 0.3599289 0.5361428 0.4314863 0.5143303 0.4669001 0.5049416 0.5290596 0.5258414 0.5166086 0.5063072 0.5573657 0.5364386 0.5466333 0.5372478 0.5298007 0.5242131 0.5201581 0.5544876 0.4922262 0.4594499 0.4554684 0.4499191 0.4376269 0.4333253 0.4217081 0.4699248 0.4510064 0.5167862 0.4888616 0.5009857 0.4780793 0.4475659 0.3763852 0.397913 0.5078822 0.4481198 0.4132191 0.4561739 0.4678383 0.4272274 0.4276586 0.4272507 0.4289056 0.478159 0.4769231 0.4907359 0.4563487 0.5046539
0.4230184 0.4403677 0.4739638 0.4183654 0.412829 0.4619299 0.4180098 0.4340751 0.4450122 0.4451291 0.4393874 0.505792 0.4548799 0.492429 0.5020548 0.4527713 0.4468502 0.4762936 0.4871965 0.4664505 0.4868343 0.4678307 0.495926 0.5001632 0.4584802 0.4596943 0.5244697 0.5341973 0.442677 0.4606208 0.4696626 0.5071973 0.514155 0.5444236 0.5248032 0.5296503 0.526346 0.5401388 0.5361167 0.5126628 0.5629193 0.5345479 0.5220206 0.5907236 0.4869708 0.465929 0.4658929 0.368223 0.4366972 0.4749582 0.4623408 0.4648795 0.4416807 0.3977009 0.5001954 0.5129395 0.4843034 0.4383271 0.4244965 0.4492038 0.4649032 0.442863 0.4488009 0.428137 0.4641473 0.4792227 0.4773596 0.4272507 0.4289056 0.478159 0.4769231 0.4907359 0.4563487 0.5046539
0.4171497 0.4200631 0.433066 0.4284712 0.4637585 0.4472524 0.3846191 0.3993557 0.445043 0.4852538 0.4728175 0.4397255 0.4446799 0.5373842 0.5010551 0.4527337 0.5365494 0.417664 0.4286915 0.5172806 0.5514343 0.511052 0.5191316 0.5074438 0.5104506 0.4772932 0.5399237 0.5384746 0.4946701 0.493746 0.4227995 0.4926096 0.5130219 0.4960444 0.5434691 0.4980218 0.5303823 0.5265595 0.54397 0.5554839 0.5568339 0.548281 0.5169221 0.4759719 0.434672 0.466896 0.4822845 0.4809076 0.4625132 0.4779807 0.4479211 0.4636388 0.367785 0.445838 0.4765604 0.5154349 0.5004861 0.479618 0.3612126 0.3759434 0.4470412 0.5084991 0.388479 0.4468194 0.4179832 0.4637491 0.4578111 0.4630411 0.4704371 0.4736239 0.4267262 0.441707 0.5210681 0.5122114
0.3726 0.4868352 0.3985539 0.4147303 0.5065469 0.3903907 0.3870508 0.3903829 0.4145671 0.426367 0.4280962 0.4516623 0.4549321 0.5002151 0.555883 0.5076476 0.4866513 0.4261326 0.4156344 0.4513595 0.4819337 0.4681816 0.4681101 0.4905118 0.5234855 0.5279967 0.4772317 0.5230071 0.4382573 0.4426049 0.4348494 0.5001516 0.5068416 0.4841141 0.4908398 0.5201747 0.5432833 0.5221273 0.5415611 0.6017596 0.5584564 0.5476143 0.5199203 0.4927316 0.45182 0.4183007 0.461964 0.4541127 0.4369052 0.4601775 0.4011922 0.4159614 0.4376971 0.4562233 0.5006549 0.5030881 0.4452851 0.4582075 0.4213333 0.4107048 0.4409478 0.4470563 0.4068442 0.466781 0.4382691 0.3826594 0.4178598 0.4267141 0.4780872 0.4262132 0.4262274 0.4588485 0.4782722 0.4845217
0.3956639 0.4896502 0.3929804 0.4083322 0.4571981 0.392651 0.3882977 0.3812234 0.3870801 0.4247338 0.4328878 0.4479675 0.4796064 0.4399228 0.4523464 0.4905772 0.4411803 0.442579 0.4251867 0.4782754 0.474846 0.4756036 0.4953766 0.5029782 0.5312763 0.5312973 0.4736096 0.4941846 0.4034826 0.413811 0.4992691 0.4949769 0.4769248 0.5356098 0.510504 0.5246204 0.5271602 0.525042 0.4940369 0.5523087 0.5588028 0.5457504 0.5159644 0.5300241 0.5232911 0.5180228 0.5302864 0.4632824 0.4780793 0.3834452 0.4190889 0.4679188 0.4017632 0.4858788 0.493136 0.5172043 0.4220437 0.4555228 0.4462062 0.4375311 0.4118262 0.4498639 0.4809694 0.4153706 0.4690329 0.4657862 0.4678634 0.3730027 0.4726211 0.4750084 0.4807206 0.4818651 0.491332 0.4925517
0.4034143 0.467263 0.3783184 0.4045096 0.4531847 0.3847353 0.3784035 0.3876171 0.3865704 0.4071928 0.4323015 0.4360217 0.4526199 0.4110671 0.4401925 0.4882183 0.4422098 0.4354658 0.4187039 0.4614615 0.4736826 0.4886657 0.4901423 0.5170389 0.5288631 0.5254707 0.4594694 0.4813131 0.3864745 0.4052212 0.4947543 0.494478 0.4845973 0.5535282 0.5168589 0.5214272 0.5266557 0.5250091 0.4891987 0.5394232 0.5420931 0.5260944 0.4818096 0.495133 0.5543826 0.5116892 0.5284102 0.4720663 0.484736 0.3991561 0.4355758 0.479019 0.3930395 0.4581509 0.5229232 0.5010501 0.4005279 0.4651118 0.4847837 0.4330117 0.3856146 0.4158346 0.4762061 0.4011761 0.4813394 0.4814563 0.4862115 0.3835994 0.4847656 0.4888408 0.4910116 0.4944072 0.471858 0.4670961
0.393916 0.4031706 0.3801337 0.4030977 0.4559343 0.4445157 0.4263153 0.4268247 0.3674757 0.3562627 0.4044952 0.4342664 0.4197739 0.4247261 0.4529122 0.4379169 0.4903999 0.431438 0.5068839 0.4109485 0.4214705 0.4609933 0.448207 0.47034 0.5073921 0.5168765 0.5369501 0.5073266 0.4594203 0.407174 0.4927598 0.5391153 0.5525774 0.5700778 0.5142199 0.5235927 0.5386416 0.5396279 0.5361266 0.5321938 0.5476225 0.5258295 0.4835707 0.4292802 0.4751645 0.4594811 0.4619119 0.4573283 0.4845895 0.4696206 0.4665745 0.4428964 0.4532062 0.4059298 0.5178487 0.5129378 0.4817843 0.400953 0.4830289 0.4704675 0.4712771 0.4258621 0.4642377 0.3941013 0.4491303 0.4604823 0.4780398 0.4786601 0.4801776 0.4841399 0.4952169 0.5144785 0.4398604 0.5177475
0.3976105 0.4523969 0.3998702 0.3811414 0.3810116 0.3611475 0.4761432 0.4829087 0.4490413 0.3909754 0.4347768 0.4414978 0.4855907 0.4311958 0.3964077 0.4247785 0.398479 0.3842505 0.4763241 0.3895789 0.4081548 0.5227566 0.5091132 0.5458784 0.4783775 0.5579303 0.536074 0.5149597 0.410161 0.4693503 0.5233423 0.5414124 0.5573912 0.5163859 0.571306 0.5230353 0.5218167 0.5846318 0.5356756 0.4832968 0.5469409 0.5427131 0.5119737 0.4918438 0.5388598 0.4749917 0.4978194 0.5030023 0.5317238 0.5109693 0.502679 0.4113479 0.4169068 0.469349 0.5038733 0.5313924 0.5314379 0.4442086 0.5002791 0.488544 0.4827313 0.4658045 0.5059683 0.4864761 0.4615746 0.4900815 0.505327 0.4913398 0.5036149 0.5059141 0.4901864 0.4053336 0.5098644 0.4899737
0.3661521 0.3666474 0.3864655 0.3820244 0.4155115 0.3469137 0.476778 0.4879094 0.4001347 0.4871041 0.4938191 0.4405289 0.4351189 0.4531226 0.4777432 0.3854206 0.3699482 0.4183747 0.4660716 0.3867201 0.4131693 0.5181574 0.4990752 0.5281272 0.5064722 0.5409705 0.5327627 0.4949475 0.4452829 0.5338446 0.4994467 0.5445439 0.5444154 0.5430025 0.4989996 0.5251181 0.5560418 0.5114278 0.4840974 0.5109024 0.5173055 0.5431445 0.516368 0.4780227 0.5390856 0.5206167 0.5409129 0.5921587 0.5592865 0.4811355 0.49104 0.4177934 0.4984528 0.4558435 0.4844505 0.4933808 0.5597957 0.493553 0.553012 0.4690096 0.4487493 0.5038588 0.5214381 0.5141426 0.5439114 0.4476111 0.4642069 0.5191492 0.5239655 0.511669 0.4943709 0.3441578 0.5397215 0.5060253
0.4711557 0.409637 0.3799182 0.4840029 0.3707117 0.3994404 0.3465806 0.3517462 0.3768267 0.4592825 0.4898672 0.4717946 0.4686284 0.4689246 0.4769829 0.453797 0.4803545 0.380022 0.3648984 0.4406186 0.4731316 0.5194907 0.5045578 0.5025223 0.4904015 0.5334013 0.4380505 0.4888423 0.4742717 0.5515938 0.5465181 0.5477769 0.547893 0.5531018 0.5052874 0.502385 0.5015142 0.4625196 0.5241923 0.4710785 0.5058455 0.4997546 0.4948025 0.4629984 0.5081786 0.4842367 0.5342849 0.6016052 0.520832 0.4947793 0.4917689 0.515763 0.4776593 0.4805679 0.5139785 0.5167819 0.5640438 0.5449278 0.5292457 0.5206599 0.4211012 0.5117265 0.5311366 0.529118 0.5230625 0.4628457 0.4646921 0.470221 0.530062 0.4901795 0.4922549 0.5462214 0.5512284 0.540697
0.4020339 0.3615704 0.4245368 0.3761935 0.4090332 0.3385895 0.3293207 0.3580673 0.3558648 0.4274496 0.4691578 0.4178067 0.3865749 0.3804508 0.475934 0.5151855 0.4304087 0.3773067 0.412567 0.4225818 0.4709711 0.4879973 0.4122594 0.4201571 0.5152304 0.5297358 0.4427287 0.4888423 0.4742717 0.5515938 0.5465181 0.5477769 0.547893 0.5531018 0.5052874 0.502385 0.5015142 0.4625196 0.5241923 0.4710785 0.5058455 0.4997546 0.4948025 0.4629984 0.5081786 0.4842367 0.5342849 0.6016052 0.520832 0.4947793 0.4917689 0.515763 0.4776593 0.4805679 0.5139785 0.5167819 0.5640438 0.5449278 0.5292457 0.5206599 0.4211012 0.4739009 0.4651436 0.5294573 0.5320313 0.5163506 0.5185723 0.4809271 0.5408556 0.4910923 0.3943923 0.5096412 0.4165533 0.5422238
0.4020339 0.3615704 0.4245368 0.3761935 0.4090332 0.3385895 0.3293207 0.3580673 0.3558648 0.4274496 0.4691578 0.4178067 0.3865749 0.3804508 0.475934 0.5151855 0.4304087 0.3773067 0.412567 0.4225818 0.4709711 0.4879973 0.4122594 0.4201571 0.5152304 0.5297358 0.4427287 0.4762529 0.4940046 0.4997953 0.5092101 0.5070716 0.5050462 0.5012498 0.4915003 0.4898027 0.5048063 0.5089798 0.5152624 0.4928838 0.4801287 0.4698299 0.4590888 0.4823092 0.4697053 0.4680369 0.3451499 0.5197089 0.5200276 0.4807459 0.5124794 0.5374544 0.4904697 0.5132779 0.5627101 0.5615031 0.5610106 0.522185 0.5394569 0.5348032 0.4852963 0.4739009 0.4651436 0.5294573 0.5320313 0.5163506 0.5185723 0.4809271 0.5408556 0.4910923 0.3943923 0.5096412 0.4165533 0.5422238
0.3735364 0.3379838 0.3353871 0.4033071 0.4517959 0.3550689 0.4596824 0.4683523 0.3615195 0.4114781 0.4236083 0.43604 0.4714429 0.4122812 0.4301133 0.394261 0.3835081 0.3788654 0.3944355 0.4501964 0.4830391 0.4440139 0.4638986 0.4134126 0.523654 0.5266413 0.5345812 0.5418917 0.5015597 0.500294 0.5009635 0.5531305 0.5433965 0.4914738 0.5445485 0.5460286 0.509693 0.4671641 0.486451 0.4849007 0.5179046 0.5084414 0.4512211 0.457202 0.4087574 0.4372702 0.3451222 0.5348219 0.5477697 0.5442095 0.4952468 0.5179867 0.5164517 0.562651 0.5331883 0.5662438 0.5627277 0.542734 0.4884568 0.4911648 0.4890922 0.4769895 0.4356996 0.4953947 0.5057439 0.5015004 0.5065715 0.5231802 0.5409446 0.5464994 0.501865 0.5570493 0.4595129 0.5296253
0.3191118 0.3948601 0.3330995 0.2498004 0.2552387 0.4057663 0.2620625 0.2813239 0.4157296 0.3590622 0.4496419 0.344859 0.4423175 0.3401369 0.358135 0.4906747 0.3814386 0.4397313 0.4466039 0.4724463 0.4784197 0.4249314 0.4643238 0.4573441 0.4887409 0.4415205 0.4935737 0.4416755 0.5004543 0.4993229 0.556464 0.5453174 0.5394446 0.5408813 0.4963349 0.4995698 0.5019218 0.4572193 0.4519033 0.4731786 0.4011348 0.3936238 0.5148 0.454245 0.4395454 0.4334803 0.4530035 0.5028565 0.543943 0.5555903 0.473352 0.4701214 0.5714312 0.5390867 0.567721 0.5729132 0.5586951 0.4904949 0.548921 0.513996 0.4634798 0.5398325 0.431529 0.4326702 0.4404372 0.4698503 0.5034314 0.531037 0.3934362 0.5623561 0.5011099 0.5144366 0.5265119 0.528201
0.3101209 0.3396431 0.2365164 0.2483644 0.3474357 0.3884706 0.4445398 0.4533351 0.4072438 0.3576233 0.3880998 0.4293045 0.4269938 0.4031557 0.4361065 0.4583664 0.4420856 0.407836 0.4561548 0.4246006 0.4090135 0.4396789 0.4606275 0.4740694 0.4500968 0.4531574 0.4428605 0.5507255 0.4523162 0.4448802 0.5440435 0.4764373 0.4926248 0.5444691 0.4959674 0.5467505 0.4838749 0.4667222 0.4677252 0.4677314 0.4610608 0.4507011 0.4089602 0.4418247 0.4593909 0.427219 0.4059648 0.4972727 0.3665017 0.5508477 0.560233 0.56315 0.4195513 0.5695577 0.5645772 0.5400933 0.47144 0.5612118 0.5622622 0.5032343 0.5050243 0.5050924 0.4339618 0.4419335 0.4741347 0.4873196 0.4378795 0.4451462 0.5491341 0.5120727 0.5398409 0.4500656 0.4483038 0.4439119
0.2979901 0.3109906 0.3508677 0.2546223 0.35899 0.3560003 0.3461202 0.3491159 0.3498634 0.3971573 0.4408333 0.4314815 0.4403836 0.4481211 0.4310994 0.4243886 0.4527777 0.4048907 0.4066114 0.410017 0.3932148 0.5146595 0.482799 0.4803519 0.4900524 0.4455416 0.5035658 0.5464875 0.5389761 0.5511703 0.5340358 0.5397159 0.5274302 0.5375633 0.5377942 0.5364015 0.4807425 0.4087851 0.5211405 0.5389677 0.491132 0.4890498 0.4593841 0.4359814 0.4511227 0.5004457 0.4618779 0.4174642 0.5284042 0.5384679 0.5389302 0.5328239 0.5584564 0.4974233 0.5184875 0.5208121 0.3735778 0.5057411 0.5625718 0.5129766 0.5166474 0.5249982 0.4573583 0.4921263 0.4891693 0.540034 0.5387969 0.5299518 0.508182 0.5396645 0.5346702 0.4678178 0.4788736 0.4719787
0.3052569 0.213046 0.3799568 0.3274527 0.4070846 0.368544 0.4073636 0.4009384 0.404777 0.3985556 0.3409785 0.4268385 0.4335066 0.4488906 0.4663102 0.4386189 0.4241289 0.4849315 0.4666047 0.4064809 0.4004702 0.5232567 0.4945154 0.4786988 0.4861451 0.497578 0.4416816 0.4861692 0.5234648 0.5433254 0.5335922 0.5344911 0.5475525 0.5362797 0.5377063 0.5342287 0.5409236 0.4575531 0.4972868 0.4468218 0.5550475 0.5417224 0.4918489 0.4369845 0.4357863 0.5191008 0.5714924 0.5107799 0.5016143 0.5079361 0.5399057 0.3964947 0.5136851 0.4655197 0.5064344 0.5316272 0.4972325 0.449096 0.5508142 0.3629393 0.4775841 0.4640728 0.5402161 0.487636 0.4846182 0.5381918 0.5159786 0.4765622 0.4978504 0.5128481 0.5326431 0.5400382 0.5207016 0.4907984
0.4071836 0.4118999 0.4181867 0.3159852 0.3407276 0.360176 0.4121796 0.3996234 0.4020567 0.3960066 0.4340659 0.4666956 0.4426671 0.4344451 0.4335606 0.4791778 0.5267232 0.4789289 0.5199116 0.5005296 0.5220689 0.5219976 0.5396147 0.4379325 0.5497028 0.5538746 0.5421459 0.5399987 0.5298346 0.5279713 0.5268348 0.5293732 0.529562 0.5387577 0.5343642 0.5345324 0.5035378 0.4514007 0.4888833 0.4586649 0.5622607 0.5532595 0.4407726 0.4418316 0.4469073 0.5304852 0.5276279 0.530081 0.4722179 0.5207825 0.5343664 0.5356292 0.5123882 0.5222161 0.4879026 0.4968615 0.4926881 0.4508848 0.5477111 0.4847028 0.5048852 0.490321 0.494462 0.4692314 0.4702835 0.4964158 0.4352859 0.4358519 0.4324271 0.5234755 0.5345993 0.4627978 0.4963897 0.4862171
0.4045627 0.4054576 0.4160051 0.4109037 0.3875712 0.3547148 0.5053422 0.4947569 0.4939302 0.5082029 0.3991428 0.4059337 0.4338254 0.2963811 0.3850725 0.3954848 0.4568374 0.474858 0.4140497 0.4696038 0.4905759 0.4969076 0.4844035 0.4910727 0.3426223 0.5477536 0.4434776 0.5392708 0.5305533 0.525653 0.5335817 0.5370266 0.535296 0.5387247 0.5254863 0.528969 0.5035824 0.501641 0.4931954 0.476485 0.4852561 0.4789952 0.5093181 0.4504421 0.4685839 0.5880542 0.5208967 0.4961665 0.5055076 0.5273339 0.472627 0.5259299 0.5232924 0.5266461 0.4879012 0.4483181 0.399783 0.4449314 0.5355343 0.4684367 0.5116372 0.4037435 0.4961416 0.5533209 0.5289962 0.3948928 0.4632694 0.4846341 0.4500496 0.4740387 0.5303075 0.4607731 0.4498873 0.4808333
0.4062241 0.3972408 0.4142098 0.4199019 0.3762259 0.3447176 0.5019885 0.4961492 0.4834802 0.4937272 0.4143006 0.4147729 0.4132605 0.2657247 0.3918629 0.390759 0.4772108 0.4749224 0.4094543 0.4594258 0.4725917 0.4890343 0.4861014 0.4897078 0.3383932 0.5425729 0.440829 0.5389243 0.5232795 0.5416043 0.5537109 0.5615214 0.5488256 0.5363074 0.5299581 0.5324008 0.5123273 0.5489506 0.4724177 0.4608854 0.4915814 0.4947487 0.5379548 0.4718098 0.4858246 0.5635977 0.5252635 0.5258601 0.5270815 0.5271276 0.4717762 0.5263398 0.510271 0.5280114 0.5003428 0.460243 0.3970158 0.4563308 0.5139999 0.4386155 0.5033188 0.4488174 0.4262632 0.4898927 0.5267776 0.4226185 0.4529895 0.5053312 0.470392 0.4668387 0.4936899 0.5059921 0.4569052 0.4835696
0.311843 0.3149455 0.4087032 0.3652143 0.371567 0.4801441 0.3729044 0.375623 0.3830867 0.3845871 0.417819 0.4229364 0.3631509 0.3537681 0.3737974 0.4522055 0.3942671 0.3779982 0.5128412 0.488587 0.4853372 0.4746105 0.4692661 0.4740633 0.5318457 0.4821014 0.5497035 0.5419428 0.5399702 0.5013283 0.5574194 0.5605313 0.5603663 0.547952 0.5388736 0.5324008 0.5123273 0.5489506 0.4724177 0.4608854 0.4915814 0.4947487 0.5379548 0.4718098 0.4858246 0.5635977 0.5252635 0.5258601 0.5270815 0.5271276 0.4717762 0.5263398 0.4601451 0.461685 0.4833498 0.4800515 0.4764668 0.5071136 0.4928347 0.4245821 0.4946021 0.5088132 0.5048988 0.4086354 0.4419924 0.4785112 0.4491442 0.4801864 0.4586532 0.432988 0.4190206 0.4791332 0.4979649 0.4108744
0.311843 0.3623021 0.4087032 0.3652143 0.371567 0.4801441 0.3729044 0.375623 0.3830867 0.3845871 0.417819 0.4229364 0.3631509 0.3537681 0.3737974 0.4522055 0.3942671 0.3779982 0.5128412 0.488587 0.4853372 0.4746105 0.4692661 0.4740633 0.5318457 0.4821014 0.5497035 0.5419428 0.5399702 0.5013283 0.5574194 0.5605313 0.5603663 0.547952 0.5388736 0.5392464 0.5142605 0.4630911 0.4491224 0.5030558 0.4773948 0.493107 0.544007 0.4888464 0.4850436 0.5197331 0.5381522 0.547784 0.527803 0.4591477 0.456422 0.5273093 0.4601451 0.461685 0.4833498 0.4800515 0.4764668 0.5071136 0.4928347 0.4245821 0.4946021 0.5088132 0.5048988 0.4086354 0.4419924 0.4785112 0.4491442 0.4801864 0.4586532 0.432988 0.4190206 0.4791332 0.4979649 0.4108744
-99 0.3893523 0.4085126 0.3204246 0.3267643 0.4853315 0.4729947 0.4640507 0.4846244 0.4850356 0.2652157 0.3607219 0.3551401 0.3432539 0.3893426 0.4851283 0.4678265 0.491421 0.5122438 0.4811908 0.4724001 0.4712825 0.515497 0.4079261 0.4672962 0.5352932 0.434472 0.5358345 0.537813 0.4458256 0.3551228 0.5599272 0.555177 0.5667964 0.5424244 0.5398104 0.5099534 0.5048736 0.5070877 0.4645376 0.5382045 0.5446183 0.5403984 0.5384588 0.539891 0.491894 0.5107262 0.5239398 0.5112537 0.4952823 0.500524 0.430541 0.52769 0.5670097 0.4486534 0.4496584 0.4784022 0.50936 0.4962369 0.4304951 0.4393141 0.4984038 0.5235734 0.3437747 0.4416507 0.4587365 0.4748242 0.5105781 0.4837315 0.4516294 0.3952367 0.4720463 0.5397999 0.4878117
-99 -99 0.4054393 0.3204688 0.3230706 0.3703484 0.3712037 0.387275 0.4783814 0.4867152 0.3724507 0.403496 0.3970999 0.4054923 0.4103121 0.4163812 0.5101284 0.4932281 0.462975 0.5449361 0.5398527 0.4862101 0.4106259 0.4070631 0.479335 0.5382299 0.4820285 0.4853334 0.534757 0.3528966 0.5004838 0.5099059 0.5121938 0.5693709 0.4626957 0.558313 0.5148782 0.4204282 0.4803053 0.4881473 0.5304695 0.5098466 0.5078983 0.4813886 0.4943554 0.5465299 0.5057459 0.5432113 0.4789524 0.474812 0.4504704 0.5380496 0.5450896 0.5457959 0.4405363 0.4377693 0.4455456 0.4938042 0.5390003 0.3809849 0.4878021 0.4771082 0.4349162 0.4287964 0.4787607 0.2910148 0.4617263 0.4912459 0.4637516 0.4542274 0.3944875 0.4468585 0.424377 0.4807448
-99 -99 -99 0.3081999 0.3683947 0.3703868 0.3825553 0.3878531 0.4810348 0.4689839 0.3665563 0.4116402 0.3535835 0.3651356 0.4998626 0.5304004 0.5674965 0.5444536 0.567684 0.5150983 0.4943511 0.4346675 0.4757012 0.4717415 0.5269531 0.5338988 0.537504 0.5897199 0.5036238 0.559158 0.5645836 0.5669569 0.5632233 0.5169692 0.5219504 0.4704253 0.5193014 0.4902938 0.4969881 0.4900392 0.5402872 0.5320288 0.5787092 0.541335 0.5473688 0.4464717 0.5081542 0.5076335 0.5342776 0.5373756 0.4844178 0.5477505 0.4853915 0.5239456 0.4449484 0.4125949 0.4766184 0.5004729 0.5044531 0.4959074 0.4973811 0.5323768 0.4076839 0.3764264 0.3821783 0.4535452 0.3809692 0.4217485 0.522528 0.4624422 0.420864 0.4776939 0.4185402 0.4356082
-99 -99 -99 -99 0.3198215 0.3816791 0.4405652 0.4321465 0.3727595 0.3927062 0.4464275 0.4448033 0.4610563 0.4680076 0.479355 0.4781616 0.5600225 0.5556154 0.5018002 0.4765881 0.4749472 0.4829622 0.5280506 0.4834287 0.5277875 0.4795045 0.5305198 0.4408841 0.3460506 0.4615186 0.5296295 0.5131739 0.5112933 0.5660321 0.4679474 0.4690522 0.5318186 0.4798908 0.53616 0.595063 0.5587048 0.5445642 0.5507496 0.5104427 0.5400632 0.5408474 0.5371602 0.5012202 0.4514598 0.4739684 0.491783 0.5391827 0.5138075 0.496316 0.506775 0.4778759 0.5194356 0.3712493 0.5284135 0.5396615 0.5098141 0.4956209 0.4557398 0.4117347 0.3925401 0.4259388 0.4711881 0.502937 0.5257227 0.4860175 0.489145 0.5016482 0.5011847 0.4979087
-99 -99 -99 -99 -99 0.3873976 0.3954118 0.3889633 0.3933497 0.4044593 0.4375556 0.4557397 0.4812128 0.4684073 0.4448434 0.4727901 0.5347687 0.5040342 0.5388473 0.4587049 0.4568512 0.5239487 0.5412152 0.5441774 0.5389869 0.5188452 0.5349839 0.49365 0.4918656 0.3620097 0.5112255 0.5624647 0.571639 0.5507796 0.468586 0.4676066 0.4908202 0.5397824 0.539633 0.4834443 0.4906197 0.4813398 0.5297693 0.5475705 0.551075 0.4970119 0.5110965 0.5098333 0.4528619 0.5028034 0.5118337 0.5163938 0.5040692 0.5587502 0.5020159 0.4925011 0.5068703 0.4874567 0.5289153 0.5020233 0.5509884 0.4609064 0.4210849 0.4207328 0.4288843 0.3744692 0.4384857 0.5359012 0.4542553 0.4510275 0.4300272 0.461132 0.5159258 0.5142092
-99 -99 -99 -99 -99 0.3861716 0.396493 0.3949288 0.3945584 0.3938813 0.4297277 0.4413247 0.2603948 0.4643749 0.45619 0.4856761 0.5665056 0.5145538 0.5380493 0.5011992 0.4996839 0.5447338 0.5343952 0.5487789 0.533789 0.5105826 0.4902378 0.4984868 0.4996188 0.5626692 0.4781643 0.5314054 0.517006 0.5689633 0.4800327 0.5367733 0.491943 0.492122 0.5434118 0.5444269 0.4966294 0.4969391 0.3988434 0.5479295 0.5357994 0.5432705 0.4711248 0.5134026 0.501854 0.4925456 0.458237 0.5418646 0.4952344 0.5262247 0.5273334 0.5356757 0.5373672 0.5410067 0.5137749 0.4752438 0.5138462 0.4876031 0.4624424 0.3677958 0.4554811 0.4562306 0.3775001 0.4421134 0.4651164 0.4740953 0.4886385 0.5080876 0.5112117 0.4990766
-99 -99 -99 0.3698278 0.4318914 0.4370187 0.3872303 0.3945915 0.3557383 0.3431984 0.4320178 0.4616907 0.2659126 0.4587237 0.4700176 0.5498513 0.5736004 0.6063019 0.5390329 0.5032037 0.4947076 0.4562147 0.5059829 0.5368375 0.5389282 0.4892618 0.4400701 0.5043452 0.4984518 0.5111231 0.5137995 0.5403811 0.5402843 0.5427338 0.4933637 0.4909966 0.542081 0.5379701 0.4471801 0.5470209 0.498843 0.4986986 0.5490119 0.4947885 0.4885077 0.5697587 0.5549385 0.5423425 0.461338 0.5075842 0.5305791 0.5429363 0.5411553 0.4942239 0.5271459 0.5393053 0.4120362 0.5075909 0.3869905 0.5237245 0.530462 0.5646459 0.4974076 0.4405268 0.4884706 0.3977746 0.4885446 0.459469 0.3934906 0.4438915 0.3992285 0.5030318 0.4669947 0.4882688
-99 -99 0.2956761 0.3629881 0.4355516 0.4358697 0.3820892 0.3894052 0.3413958 0.3397139 0.4385927 0.4949839 0.3082143 0.4669507 0.4520397 0.5286931 0.5636857 0.5714434 0.5169381 0.48599 0.4971131 0.4707677 0.5241383 0.5219699 0.5357294 0.4934132 0.4379216 0.5036809 0.5059832 0.509095 0.5137413 0.5380734 0.5278104 0.5345709 0.4836316 0.4853388 0.5434685 0.5405465 0.4438055 0.5458605 0.5014014 0.5002099 0.5441167 0.4884048 0.4891244 0.516742 0.5118127 0.5083177 0.4543365 0.5091767 0.5325796 0.542061 0.5591899 0.4952172 0.5387299 0.5448813 0.426575 0.5269706 0.3939783 0.516121 0.5355077 0.5965898 0.5469489 0.5107297 0.5362787 0.436382 0.5311679 0.5251667 0.444908 0.4697517 0.4295815 0.4509688 0.4779643 0.500066
-99 0.2682252 0.2891825 0.3995786 0.4212351 0.4275512 0.3744917 0.3683221 0.3786118 0.3808953 0.4189824 0.4801405 0.4829187 0.4605508 0.4616176 0.4970128 0.5481592 0.572237 0.4667409 0.4986817 0.520076 0.5286556 0.5253731 0.4813123 0.5246516 0.5330436 0.531028 0.5020539 0.5102406 0.5105298 0.5277559 0.5362514 0.4775499 0.5287124 0.5285792 0.5318033 0.3925108 0.5398834 0.5420171 0.5447346 0.4988346 0.494123 0.4871145 0.5362489 0.5454361 0.5032461 0.4439455 0.5112282 0.4823098 0.4868032 0.4926591 0.5429637 0.5104284 0.5693644 0.4737098 0.4924729 0.5149378 0.5640569 0.5612921 0.5132644 0.5662063 0.6148369 0.5298434 0.4836335 0.5050985 0.5165292 0.5153995 0.4945435 0.4754248 0.4826489 0.4473842 0.4176627 0.4865787 0.5083335
