data/maps/product.txt
ncols         643
nrows         661
xllcorner     8515.9999992026
yllcorner     47670.999937602
cellsize      1000
NODATA_value  -99
[rows 297 to 329 of 661, columns 370 to 443 of 643]
0.4506062 0.4994547 0.5469444 0.4418241 0.448439 0.4471389 0.4467663 0.4955307 0.558853 0.5467071 0.5483003 0.5070708 0.4620785 0.5177764 0.5219522 0.5298813 0.4899239 0.5236604 0.6283313 0.6365599 0.6236547 0.674867 0.6660913 0.6128237 0.5837973 0.6017891 0.6266747 0.4864606 0.5892771 0.528143 0.4064376 0.3432474 0.3231043 0.3593115 0.3047005 0.1789312 -99 -99 -99 -99 -99 -99 -99 -99 -99 -99 -99 -99 -99 -99 -99 -99 -99 -99 -99 -99 -99 -99 -99 -99 -99 -99 -99 -99 -99 -99 -99 -99 -99 -99 -99 -99 -99 -99
0.4472581 0.450959 0.4484203 0.4958966 0.4513037 0.4493642 0.5217879 0.472856 0.5316926 0.5192479 0.5755055 0.5251475 0.4623967 0.4486887 0.4545802 0.3681101 0.5175467 0.5194034 0.4732043 0.6303703 0.6223775 0.6557621 0.6657272 0.6128237 0.5837973 0.6017891 0.6266747 0.5869226 0.5497769 0.5539514 0.3680466 0.3216038 0.3050855 0.3015775 0.295803 0.1850803 -99 -99 -99 -99 -99 -99 -99 -99 -99 -99 -99 -99 -99 -99 -99 -99 -99 -99 -99 -99 -99 -99 -99 -99 -99 -99 -99 -99 -99 -99 -99 -99 -99 -99 -99 -99 -99 -99
0.5475377 0.5495678 0.4477685 0.4442974 0.4474555 0.4935139 0.5012339 0.4998044 0.4938279 0.5114974 0.5164933 0.5169234 0.5106684 0.5136719 0.5117882 0.4556099 0.5092444 0.6131892 0.6278517 0.654458 0.6517825 0.6586984 0.6146487 0.591793 0.5024032 0.5603274 0.5601122 0.5869226 0.5497769 0.5539514 0.3680466 0.3216038 0.3571517 0.3000706 0.346117 0.1886198 -99 -99 -99 -99 -99 -99 -99 -99 -99 -99 -99 -99 -99 -99 -99 -99 -99 -99 -99 -99 -99 -99 -99 -99 -99 -99 -99 -99 -99 -99 -99 -99 -99 -99 -99 -99 -99 -99
0.4474155 0.451174 0.4481545 0.5459972 0.4444459 0.4355697 0.4429021 0.574802 0.4683012 0.4639437 0.4737805 0.475509 0.6255397 0.6185614 0.5189701 0.509626 0.5103614 0.5153826 0.6202571 0.5743055 0.5255621 0.4520238 0.5794681 0.4728749 0.6026054 0.6712901 0.6669294 0.526346 0.4189723 0.5095244 0.3566512 0.3705917 0.3571517 0.3000706 0.346117 0.1886198 -99 -99 -99 -99 -99 -99 -99 -99 -99 -99 -99 -99 -99 -99 -99 -99 -99 -99 -99 -99 -99 -99 -99 -99 -99 -99 -99 -99 -99 -99 -99 -99 -99 -99 -99 -99 -99 -99
0.4387259 0.5568238 0.5521458 0.4468324 0.4448344 0.4391121 0.4448431 0.4604559 0.4681681 0.5632042 0.4560373 0.4622282 0.6169924 0.5219121 0.5465274 0.5553817 0.5689359 0.5176739 0.5237382 0.6171225 0.5611675 0.4775726 0.5772938 0.4865579 0.5190932 0.5538543 0.6180341 0.5673894 0.4762578 0.4325662 0.3675702 0.3069549 0.29616 0.3462254 0.2959522 0.3398214 -99 -99 -99 -99 -99 -99 -99 -99 -99 -99 -99 -99 -99 -99 -99 -99 -99 -99 -99 -99 -99 -99 -99 -99 -99 -99 -99 -99 -99 -99 -99 -99 -99 -99 -99 -99 -99 -99
0.4490869 0.4669385 0.4664174 0.5155785 0.4509978 0.4976848 0.4514334 0.4473103 0.464782 0.4651187 0.4593778 0.4569762 0.6195697 0.6325629 0.6421303 0.5570907 0.5716446 0.5677546 0.5261064 0.4740135 0.526864 0.5826178 0.4867876 0.4910479 0.6521497 0.6244928 0.5799899 0.5518734 0.4670322 0.4104779 0.3654063 0.2955177 0.2941486 0.2954843 0.3433877 0.1897931 -99 -99 -99 -99 -99 -99 -99 -99 -99 -99 -99 -99 -99 -99 -99 -99 -99 -99 -99 -99 -99 -99 -99 -99 -99 -99 -99 -99 -99 -99 -99 -99 -99 -99 -99 -99 -99 -99
0.4490869 0.4669385 -99 0.4515087 0.4532137 0.5028963 0.4612735 0.4457121 0.6128906 0.5614428 0.6137515 0.6110373 0.4694192 0.6422758 0.6158523 0.6602193 0.5718871 0.6731324 0.6428061 0.5974632 0.5050922 0.5759612 0.5041881 0.5634077 0.5436339 0.5122615 0.5725566 0.5281102 0.4118685 0.39304 0.4017052 0.3515229 0.3444852 0.3431447 0.3398266 0.2884829 -99 -99 -99 -99 -99 -99 -99 -99 -99 -99 -99 -99 -99 -99 -99 -99 -99 -99 -99 -99 -99 -99 -99 -99 -99 -99 -99 -99 -99 -99 -99 -99 -99 -99 -99 -99 -99 -99
-99 -99 -99 0.4515087 0.4532137 0.5028963 0.4612735 0.4512453 0.5989068 0.6021603 0.4982199 0.6057842 0.6145585 0.6142994 0.6066617 0.6209621 0.6315408 0.6321163 0.6010531 0.5215992 0.5064433 0.6149587 0.5211758 0.7160996 0.6395652 0.6297816 0.5916451 0.443351 0.3259583 0.3745579 0.2928162 0.3437623 0.343157 0.3433667 0.2852441 -99 -99 -99 -99 -99 -99 -99 -99 -99 -99 -99 -99 -99 -99 -99 -99 -99 -99 -99 -99 -99 -99 -99 -99 -99 -99 -99 -99 -99 -99 -99 -99 -99 -99 -99 -99 -99 -99 -99
-99 -99 0.5290241 0.511352 0.455155 0.4603215 0.4597928 0.4512453 0.5989068 0.6021603 0.4906133 0.6057842 0.6096832 0.6122395 0.5017664 0.5265293 0.6271091 0.6699224 0.5868891 0.5112936 0.5178787 0.6344985 0.5750244 0.6283975 0.5701372 0.5843764 0.5698999 0.4235423 0.3923969 0.3594694 0.2952915 0.3422025 0.3391255 0.339979 0.2889749 -99 -99 -99 -99 -99 -99 -99 -99 -99 -99 -99 -99 -99 -99 -99 -99 -99 -99 -99 -99 -99 -99 -99 -99 -99 -99 -99 -99 -99 -99 -99 -99 -99 -99 -99 -99 -99 -99 -99
0.5272487 -99 0.4762303 0.4931507 0.5000319 -99 0.4773045 0.5231286 0.5054256 0.5867515 0.4886867 0.5896664 0.6096832 0.6122395 0.5017664 0.5265293 0.6271091 0.6184036 0.5205261 0.5373912 0.555314 0.5454667 0.6439695 0.5531994 0.5456015 0.5962549 0.5949993 0.425374 0.3819124 0.3399805 0.3460967 0.3415262 0.3347613 0.2894541 0.1834702 -99 -99 -99 -99 -99 -99 -99 -99 -99 -99 -99 -99 -99 -99 -99 -99 -99 -99 -99 -99 -99 -99 -99 -99 -99 -99 -99 -99 -99 -99 -99 -99 -99 -99 -99 -99 -99 -99 -99
0.5338243 -99 0.6635268 0.6357165 0.5396518 0.5426038 0.6203405 0.484734 0.4785051 0.4848026 0.4831102 0.4838552 0.5981118 0.509754 0.6190187 0.6563385 0.5846863 0.6184036 0.5205261 0.5373912 0.555314 0.5454667 0.5294374 0.4692645 0.4449008 0.3971559 0.4002564 0.4116348 0.3925721 0.289429 0.3344476 0.3395016 0.3392769 0.2841417 0.2833873 -99 -99 -99 -99 -99 -99 -99 -99 -99 -99 -99 -99 -99 -99 -99 -99 -99 -99 -99 -99 -99 -99 -99 -99 -99 -99 -99 -99 -99 -99 -99 -99 -99 -99 -99 -99 -99 -99 -99
0.4904802 0.5316881 0.6072605 0.5917282 0.4923545 0.6083132 0.5408459 0.5025077 0.5037772 0.4839097 0.5105259 0.5288008 0.5067929 0.5141702 0.514719 0.4911467 0.4877673 0.507838 0.5197178 0.5619948 0.5021317 0.5034524 0.5294374 0.4692645 0.4449008 0.3971559 0.4002564 0.3159164 0.3607319 0.3410261 0.3638542 0.3385103 0.2824083 0.3286937 0.3285283 0.3393964 -99 -99 -99 -99 -99 -99 -99 -99 -99 -99 -99 -99 -99 -99 -99 -99 -99 -99 -99 -99 -99 -99 -99 -99 -99 -99 -99 -99 -99 -99 -99 -99 -99 -99 -99 -99 -99 -99
0.5461011 -99 0.5689902 -99 -99 -99 0.5547284 0.5466056 0.5023301 0.4823454 0.501826 0.4689344 0.5047657 0.6001226 0.5871232 0.6063642 0.6248829 0.632513 0.6138079 0.4982482 0.4275954 0.4913106 0.4950096 0.4561568 0.4339317 0.3905059 0.3168653 0.3159164 0.3607319 0.3390775 0.3638542 0.3385103 0.3303902 0.2816846 0.2908008 0.341356 0.2899159 0.177289 -99 -99 -99 -99 -99 -99 -99 -99 -99 -99 -99 -99 -99 -99 -99 -99 -99 -99 -99 -99 -99 -99 -99 -99 -99 -99 -99 -99 -99 -99 -99 -99 -99 -99 -99 -99
-99 0.6529453 0.5661312 0.5324709 0.5141912 0.5505895 0.5658358 0.4957041 0.4935326 0.5018407 -99 0.568285 0.4986322 0.6041517 0.6065235 0.4907388 0.5166416 0.5340825 0.4707065 0.4087586 0.4286869 0.5884879 0.5271134 0.4365208 0.3902307 0.3699766 0.368694 0.3563975 0.3451993 0.3559679 0.3365261 0.3384441 0.3303902 0.2816846 0.2908008 0.341356 0.3256105 0.261912 -99 -99 -99 -99 -99 -99 -99 -99 -99 -99 -99 -99 -99 -99 -99 -99 -99 -99 -99 -99 -99 -99 -99 -99 -99 -99 -99 -99 -99 -99 -99 -99 -99 -99 -99 -99
0.6379014 0.6919672 -99 -99 -99 -99 0.5294319 0.5333692 0.5090314 0.4935934 0.5173079 0.4631436 0.579384 0.5987805 0.6204429 0.5523317 0.662958 0.5880796 0.5823651 0.4590882 0.422388 0.5643957 0.4823692 0.4742386 0.4475507 0.3932683 0.3616526 0.3505976 0.346767 0.3599108 0.2935498 0.2900083 0.3326456 0.3339893 0.2816861 0.332962 0.3256105 0.261912 -99 -99 -99 -99 -99 -99 -99 -99 -99 -99 -99 -99 -99 -99 -99 -99 -99 -99 -99 -99 -99 -99 -99 -99 -99 -99 -99 -99 -99 -99 -99 -99 -99 -99 -99 -99
0.5713102 0.5904477 -99 -99 -99 -99 0.5078543 0.540864 0.5412716 0.508035 0.5179468 0.5160337 0.6100681 0.6093305 0.6027858 0.4998663 0.6042743 0.5561846 0.5272167 0.4167647 0.4365403 0.5513046 0.4730502 0.4900709 0.438805 0.3918672 0.3593397 0.3610285 0.3530673 0.3476798 0.2878938 0.28539 0.3377408 0.3389317 0.2887138 0.3296148 0.3273833 0.2665395 -99 -99 -99 -99 -99 -99 -99 -99 -99 -99 -99 -99 -99 -99 -99 -99 -99 -99 -99 -99 -99 -99 -99 -99 -99 -99 -99 -99 -99 -99 -99 -99 -99 -99 -99 -99
0.5713102 0.5904477 0.4850756 0.4966896 0.4865245 0.4682158 0.5801431 -99 0.5137994 0.5037416 0.5865184 -99 0.5013337 0.5922161 0.5995868 0.5662007 0.487278 0.4509094 0.3565748 0.403122 0.4544563 0.5916764 0.4301118 0.4588465 0.3610361 0.3300958 0.3534259 0.3554597 0.3527544 0.3460083 0.3468211 0.2779036 0.2752352 0.2781252 0.3300408 0.3259354 0.2847907 0.2839299 -99 -99 -99 -99 -99 -99 -99 -99 -99 -99 -99 -99 -99 -99 -99 -99 -99 -99 -99 -99 -99 -99 -99 -99 -99 -99 -99 -99 -99 -99 -99 -99 -99 -99 -99 -99
0.5442924 0.4517959 0.4850756 0.4907324 0.4865245 0.4682158 0.5801431 0.5684124 0.4740374 0.4855611 0.4676357 0.4623611 0.5795067 0.5776682 0.5291653 0.5259268 0.4152459 0.3858623 0.4057604 0.3944916 0.5256302 0.5620335 0.4471818 0.4227529 0.3342665 0.3043737 0.3492422 0.3490539 0.340844 0.3288775 0.3289163 0.2760912 0.3240315 0.3244712 0.3284402 0.2796261 0.3249535 0.3245347 0.2745537 -99 -99 -99 -99 -99 -99 -99 -99 -99 -99 -99 -99 -99 -99 -99 -99 -99 -99 -99 -99 -99 -99 -99 -99 -99 -99 -99 -99 -99 -99 -99 -99 -99 -99 -99
0.5470946 0.5464439 0.5776664 0.5422296 0.5448478 0.5384517 0.4712768 0.5684124 0.4740374 0.4855611 0.4676357 0.4623611 0.5966513 0.5554683 0.5128011 0.4703977 0.4375833 0.423741 0.3961062 0.4221207 0.4547468 0.4449633 0.4190283 0.3928028 0.3252057 0.2995115 0.3433009 0.3461919 0.3611119 0.3314312 0.2579426 0.3216982 0.3148278 0.2668339 0.317401 0.3187372 0.3217102 0.3270122 0.3263344 0.276177 -99 -99 -99 -99 -99 -99 -99 -99 -99 -99 -99 -99 -99 -99 -99 -99 -99 -99 -99 -99 -99 -99 -99 -99 -99 -99 -99 -99 -99 -99 -99 -99 -99 -99
0.5244883 0.5577937 0.6109516 0.5513055 0.5638018 0.5474102 0.4980542 0.5865085 0.4709783 0.4725868 0.4673139 0.4610399 0.5966513 0.5554683 0.5128011 0.4703977 0.4375833 0.4164692 0.3940826 0.396935 0.4081448 0.353991 0.3985792 0.3425991 0.4372525 0.4070242 0.3568886 0.3687997 0.3904961 0.3588239 0.27729 0.3142957 0.3138112 0.2656474 0.3152846 0.3184897 0.3214704 0.3278913 0.3286324 0.2786787 -99 -99 -99 -99 -99 -99 -99 -99 -99 -99 -99 -99 -99 -99 -99 -99 -99 -99 -99 -99 -99 -99 -99 -99 -99 -99 -99 -99 -99 -99 -99 -99 -99 -99
0.5947337 -99 -99 -99 -99 -99 -99 0.5449276 0.4680271 0.4498323 0.5529479 0.56916 0.4827116 0.5476062 0.435236 0.4268067 0.425427 0.4164692 0.3940826 0.396935 0.4081448 0.353991 0.3880548 0.4430209 0.3937353 0.3732711 0.3756725 0.3823429 0.3930366 0.357784 0.3323601 0.334266 0.3198465 0.3205043 0.2797673 0.2780156 0.2813394 0.3322268 0.2778122 0.3314257 0.3290358 -99 -99 -99 -99 -99 -99 -99 -99 -99 -99 -99 -99 -99 -99 -99 -99 -99 -99 -99 -99 -99 -99 -99 -99 -99 -99 -99 -99 -99 -99 -99 -99 -99
0.4765495 -99 -99 0.5725312 -99 -99 -99 0.4764413 0.4709119 0.4506029 0.5532229 0.575586 0.4907568 0.4683008 0.4307394 0.42503 0.3683281 0.4108523 0.3998178 0.4069982 0.4032112 0.4007461 0.3949821 0.4430209 0.3937353 0.3732711 0.3756725 0.3873965 0.3835639 0.366813 0.294096 0.2833771 0.3294359 0.3295616 0.2815089 0.283009 0.3321669 0.3297941 0.3250222 0.3295021 0.3256212 -99 -99 -99 -99 -99 -99 -99 -99 -99 -99 -99 -99 -99 -99 -99 -99 -99 -99 -99 -99 -99 -99 -99 -99 -99 -99 -99 -99 -99 -99 -99 -99 -99
0.5716726 -99 -99 0.5723308 0.4749589 0.471732 0.4708871 0.5566506 0.453709 0.5601136 0.5778625 0.539153 0.4777932 0.4922995 0.5383054 0.4319924 0.4089513 0.3826992 0.3808301 0.379299 0.4800973 0.3883123 0.3850666 0.3851871 0.3832291 0.3743947 0.3778071 0.3873965 0.3835639 0.366813 0.294096 0.2833771 0.3198556 0.3222398 0.3350229 0.2858798 0.3292064 0.3258601 0.2759933 0.3267376 0.1768913 -99 -99 -99 -99 -99 -99 -99 -99 -99 -99 -99 -99 -99 -99 -99 -99 -99 -99 -99 -99 -99 -99 -99 -99 -99 -99 -99 -99 -99 -99 -99 -99 -99
0.4206803 0.4209937 0.4656708 0.4587947 0.4714762 0.5714209 0.575675 0.565259 0.5531197 0.5561497 0.5669677 0.573957 0.5852956 0.6441508 0.4833572 0.469203 0.4019108 0.3805217 0.3741268 0.3728277 0.3750291 0.3739137 0.377456 0.3850873 0.3815243 0.3670071 0.3799801 0.3880494 0.3930344 0.3655961 0.3355259 0.3319491 0.3198556 0.3222398 0.3350229 0.2858798 0.3294294 0.3273779 0.1739939 -99 -99 -99 -99 -99 -99 -99 -99 -99 -99 -99 -99 -99 -99 -99 -99 -99 -99 -99 -99 -99 -99 -99 -99 -99 -99 -99 -99 -99 -99 -99 -99 -99 -99 -99
0.4808567 0.4273221 0.4156407 0.455454 0.4780922 0.4066812 0.4063277 0.401123 0.4017627 0.5512507 0.4031813 0.555207 0.4816819 0.6121389 0.518658 0.4759504 0.4036942 0.3834534 0.3813953 0.3779312 0.3695711 0.3703062 0.369051 0.3824271 0.3828683 0.3696371 0.3757595 0.391928 0.3924343 0.4207422 0.3435625 0.339181 0.3303462 0.3289298 0.3297069 0.32854 0.3294294 0.3273779 0.1739939 -99 -99 -99 -99 -99 -99 -99 -99 -99 -99 -99 -99 -99 0.2694387 0.1150452 -99 -99 -99 -99 -99 -99 -99 -99 -99 -99 -99 -99 -99 -99 -99 -99 -99 -99 -99 -99
0.5303396 0.4282096 0.4282917 0.4748859 0.4098513 0.4795964 0.4783269 0.4723603 0.474901 0.4662763 0.4695044 0.4698235 0.4600359 0.4582024 0.5270066 0.4622653 0.451523 0.3876261 0.3542682 0.3447161 0.3247403 0.3694409 0.3190338 0.3693109 0.3197646 0.3188838 0.3657262 0.3641357 0.3709463 0.3719072 0.3516306 0.3477117 0.2853385 0.3270395 0.3277238 0.3225548 0.1740714 -99 -99 -99 -99 -99 -99 -99 -99 -99 -99 -99 -99 -99 -99 0.2798146 0.37861 0.1226839 -99 -99 -99 -99 -99 -99 -99 -99 -99 -99 -99 -99 -99 -99 -99 -99 -99 -99 -99 -99
0.5303396 0.4402048 0.4889118 0.4293385 0.4242893 0.4156263 0.4165378 0.4081058 0.4200058 0.4731731 0.4726537 0.5737106 0.5422367 0.5627342 0.5632731 0.4607873 0.4716334 0.4602228 0.4258833 0.3517226 0.3284453 0.379579 0.3826766 0.3791408 0.3179859 0.3170952 0.3616721 0.3615097 0.4236706 0.3537191 0.3518085 0.3492578 0.3362336 0.2790339 0.3300342 0.1662844 0.166267 -99 -99 -99 -99 -99 -99 -99 -99 -99 -99 -99 -99 -99 -99 0.2888363 0.2373831 0.1351393 -99 -99 -99 -99 -99 -99 -99 -99 -99 -99 -99 -99 -99 -99 -99 -99 -99 -99 -99 -99
0.4306926 0.4402048 0.4889118 0.4293385 0.4242893 0.4666424 0.4165378 0.4582701 0.4594333 0.4579015 0.4072092 0.5489066 0.5623172 0.5901487 0.6414422 0.4588801 0.5221424 0.4164544 0.4166971 0.4532475 0.4365432 0.5018758 0.387729 0.3816762 0.3181966 0.3165263 0.3681985 0.3617107 0.3614166 0.2873326 0.2911847 0.3505977 0.3444996 0.3363128 0.2703001 0.2686726 0.1688809 -99 -99 -99 -99 -99 -99 -99 -99 -99 -99 -99 -99 -99 -99 0.2911587 0.2373831 0.141104 -99 -99 -99 -99 -99 -99 -99 -99 -99 -99 -99 -99 -99 -99 -99 -99 -99 -99 -99 -99
0.4338748 0.4909516 0.4813241 0.4753141 0.4236065 0.4227448 0.4108493 0.4582701 0.4594333 0.4579015 0.4072092 0.5489066 0.5793857 0.5794693 0.5703921 0.4916546 0.5090181 0.3979976 0.4137698 0.5072396 0.557449 0.5096961 0.3882034 0.3731139 0.3132916 0.3166291 0.3634827 0.3602687 0.3592985 0.3391319 0.3360806 0.3438905 0.3429827 0.3266261 0.3225955 0.2731634 0.2688015 0.2692582 -99 -99 -99 -99 -99 -99 -99 -99 -99 -99 -99 -99 0.3082244 0.3045627 0.2964663 0.141104 -99 -99 -99 -99 -99 -99 -99 -99 -99 -99 -99 -99 -99 -99 -99 -99 -99 -99 -99 -99
0.4326251 0.4849521 0.4799036 0.4782453 0.4248211 0.4152898 0.4066976 0.4588758 0.4591624 0.4544507 0.4012246 0.5591955 0.5793857 0.5794693 0.5703921 0.4916546 0.5090181 0.4755365 0.5419001 0.412701 0.432675 0.4012626 0.3369245 0.3365563 0.3802784 0.2171519 0.3655294 0.3584678 0.3610759 0.3406279 0.3331098 0.336277 0.2869089 0.2338004 0.32535 0.2731292 0.2690409 0.2714433 0.1712388 -99 -99 -99 -99 -99 -99 -99 -99 -99 -99 -99 0.3195149 0.3108677 0.299762 0.1508548 -99 -99 -99 -99 -99 -99 -99 -99 -99 -99 -99 -99 -99 -99 -99 -99 -99 -99 -99 -99
0.4765495 0.4347393 0.4301811 0.425871 0.4694912 0.4091515 0.4134364 0.449895 0.397969 0.3956971 0.3890534 0.5020279 0.4606007 0.4430444 0.5650396 0.4906493 0.5069972 0.4755365 0.5419001 0.412701 0.432675 0.4012626 0.3881581 0.381911 0.3813901 0.2270038 0.3241249 0.3626513 0.3440967 0.3385798 0.3387716 0.3279066 0.2833164 0.2340674 0.2221307 0.1725883 0.2750229 0.2751667 0.2758781 0.2700976 0.1666999 -99 -99 -99 -99 -99 -99 -99 -99 0.3231857 0.3094717 0.3127552 0.3038074 0.1536706 -99 -99 -99 -99 -99 -99 -99 -99 -99 -99 -99 -99 -99 -99 -99 -99 -99 -99 -99 -99
0.4299846 0.4374037 0.4806627 0.4212355 0.414589 0.4138795 0.4624554 0.4522631 0.4462311 0.4467036 0.4441907 0.4360355 0.4407425 0.4401098 0.5272946 0.5370671 0.4129626 0.3616508 0.44683 0.3481444 0.3949336 0.3914593 0.3881581 0.381911 0.3813901 0.2270038 0.3241249 0.3629971 0.342879 0.3373244 0.3471954 0.3229754 0.2778055 0.3232757 0.2764608 0.2764024 0.2786689 0.2793389 0.2862504 0.2750758 0.273548 -99 -99 -99 -99 -99 -99 0.345295 0.3397324 0.329045 0.3221797 0.3202998 0.3092225 0.1571215 -99 -99 -99 -99 -99 -99 -99 -99 -99 -99 -99 -99 -99 -99 -99 -99 -99 -99 -99 -99
0.4885657 0.4378364 0.4254398 0.4638774 0.4697936 0.47583 0.4655447 0.4047413 0.4020681 0.3888809 0.4951133 0.4457949 0.5432019 0.5341629 0.5303668 0.4476523 0.4323621 0.3597259 0.3948222 0.3950299 0.3939785 0.3863497 0.3847494 0.3834491 0.3800867 0.318545 0.3739142 0.3629971 0.342879 0.3373244 0.3471954 0.2786112 0.3339712 0.3338321 0.3362013 0.3354219 0.2844063 0.3364745 0.3378668 0.3252321 0.2736245 0.3301601 -99 -99 0.3444028 0.3456546 0.3348184 0.3427143 0.3358352 0.3302217 0.3264624 0.1724158 -99 -99 -99 -99 -99 -99 -99 -99 -99 -99 -99 -99 -99 -99 -99 -99 -99 -99 -99 -99 -99 -99
