data/maps/tavg.txt
ncols         643
nrows         661
xllcorner     8515.9999992024
yllcorner     47670.999937602
cellsize      1000
NODATA_value  -9999
[rows 248 to 278 of 661, columns 210 to 279 of 643]
13.37562 13.57151 13.65315 13.44603 13.26849 13.35808 13.52712 13.71233 13.92329 13.80904 13.78877 13.81288 13.52493 13.14055 13.21479 13.22795 13.35069 13.40932 13.50493 13.60466 13.42685 13.21288 13.66411 13.67644 13.73397 13.94301 13.99753 14.10055 13.86575 13.86274 13.82959 13.78548 13.81178 13.62137 12.96877 13.06466 13.31726 13.49452 13.54384 13.4674 13.36055 13.35699 12.01068 12.05781 12.03479 11.95699 12.03644 12.26712 12.14795 12.34986 12.08521 12.32658 12.34027 12.0874 12.60685 13.02027 12.55726 12.88247 12.23151 11.13507 10.14164 10.23781 11.52384 12.02959 11.21699 11.39288 10.45726 10 10.58055 10.69973
13.21206 13.46521 13.61753 13.68822 13.69397 13.67863 13.70137 13.72082 13.93288 13.75644 13.60959 13.70247 13.79534 13.6389 13.64931 13.5211 13.52959 13.52493 13.61753 13.7 13.3526 13.33096 13.50712 13.70274 13.91452 14.14274 14.15836 14.00082 13.89479 13.88877 13.93671 14.03096 14.02986 13.70849 13.53452 13.3326 13.21151 13.42356 13.52247 13.26274 12.81808 12.50767 11.95753 11.97616 12.29342 12.44493 12.36795 12.40082 12.43507 12.27205 12.59068 12.64877 12.4274 12.25699 12.99836 13.13945 12.23863 12.77945 12.00466 10.8526 10.33918 10.33315 11.35069 12.43178 11.42384 10.84685 10.45726 10 10.58055 10.69973
12.82274 13.32767 13.50027 13.59397 13.67589 13.69781 13.68329 13.78849 13.92329 13.66137 13.5926 13.83342 13.96 13.63342 13.76 13.73123 13.81233 13.68438 13.63644 13.79753 13.63918 13.56959 13.7726 13.82603 13.89562 14.40219 14.2474 14.33753 14.20712 13.90822 13.85205 14.00192 14.07479 13.6474 13.5589 13.69288 13.53699 13.45425 13.26685 12.64712 11.87479 11.71178 11.36466 11.97973 11.99781 12.16137 12.48219 12.51836 12.61562 12.48658 12.65014 12.71068 12.83041 13.05863 13.22137 13.20027 12.51123 12.76301 12.47616 12.17206 11.82986 11.27699 10.35014 11.89288 11.34575 10.96164 10.91096 10.38411 9.525479 10.78027
12.83178 12.99973 13.25425 13.45644 13.57315 13.61836 13.6411 13.65808 13.80931 13.74274 13.74986 13.71781 13.63479 13.63753 13.85534 13.93096 13.90795 13.68904 13.63863 13.61178 13.53726 13.86904 13.94493 14.02438 13.99671 14.33068 14.21562 14.02931 13.87233 13.78027 13.8674 13.91973 14.01315 14.10795 13.98795 13.86849 13.71288 13.03836 12.61589 12.62356 12.66466 12.19863 11.38411 11.64247 12.00301 12.42575 12.7463 12.65342 12.1274 12.60466 11.99671 11.96849 12.51068 13.14329 13.28959 13.19753 13.08986 12.61671 11.99068 11.64603 11.40356 10.4474 9.845754 11.34137 11.3 11.21206 11.0526 10.1011 10.02384 10.8863
13.18466 13.15699 13.02 12.88192 13.13507 13.48877 13.49452 13.6474 13.60548 13.3326 13.33507 13.24685 13.20329 13.71206 13.89699 14.21945 14.12959 13.74247 13.77808 13.8189 13.93699 14.05479 13.99726 13.97397 14.02411 14.25808 14.11096 14.03699 13.69342 13.83753 13.84877 13.78932 13.8074 13.92603 13.80904 13.64712 13.45041 12.60959 12.60164 12.63836 12.43616 12.44603 11.36685 12.12712 12.00438 11.97644 12.14274 12.3726 12.74055 12.29863 11.32164 11.64904 12.0389 12.32055 12.90521 13.13562 12.64685 12.11671 11.90247 11.57096 10.97123 10.21562 10.07918 10.90822 11.05808 10.69288 10.46137 9.537808 10.14137 10.87151
13.30822 13.32712 13.1011 12.93836 12.85205 13.01288 13.3926 13.49288 13.10411 13.25397 13.44 13.44521 13.4389 13.70411 13.91479 14.16521 13.9663 13.73945 13.94 14.09945 14.1326 14.20055 14.20794 14.17699 14.24082 14.25206 14.1274 14.09699 13.87863 14.00795 13.72137 13.70192 13.7011 13.76658 13.41479 12.65945 12.61534 11.66192 11.59452 11.85452 11.75671 11.55753 12.34192 12.10931 12.08219 11.80137 11.7863 12.2989 12.72 12.46082 12.11589 12.33288 12.56082 12.7537 12.92219 12.92329 11.91041 11.84137 12.33753 11.62329 11.13781 11.28329 11.34575 11.18931 11.4263 10.97315 10.57014 9.811233 10.01205 10.98685
13.51808 13.45973 13.26247 12.74794 12.38822 12.60164 13.16658 13.18712 12.44877 12.55014 13.14438 13.67644 13.89151 14.00986 14.20932 13.96877 13.89069 13.98164 14.12438 14.28192 14.33534 14.36301 14.48493 14.55945 14.46055 14.3074 14.28712 14.14329 13.88548 13.96685 13.69425 13.52329 13.5126 13.47425 12.4737 11.87589 11.83425 11.91178 12.04192 12.00027 11.80247 11.76849 12.41808 12.73452 12.46192 12.32767 12.4463 12.65397 12.6726 12.14055 12.38301 12.35973 12.73808 13.06548 13.02247 12.74247 12.42438 11.50822 11.72904 11.82466 11.82027 12.08192 12.00822 11.95507 11.67123 11.56493 11.44548 10.91014 11.14904 11.87562
13.51808 13.45973 13.26247 12.74794 12.38822 12.60164 13.16658 13.18712 12.44877 12.55014 13.14438 13.67644 13.89151 14.00986 14.20932 13.96877 13.89069 13.98164 14.29808 14.41041 14.46877 14.46164 14.56 14.67178 14.53671 14.36493 14.31205 14.14192 13.78959 13.75863 13.25973 12.84438 12.85233 12.77644 11.30822 11.71014 11.53808 11.45973 11.87562 12.15644 12.22411 12.20822 12.51178 12.31397 12.17206 12.55096 12.56959 12.1074 11.77726 11.66219 13.18055 13.19069 13.17507 13.20411 13.21507 13.09616 12.79479 12.36521 12.24712 12.62658 12.42767 12.08247 11.88575 11.44027 10.86849 10.95096 11.33562 11.6874 12.2263 12.11836
13.35288 13.33206 12.99808 12.48082 12.32548 12.78849 13.49863 13.72795 13.16384 12.82164 13.10548 13.62164 13.9337 14.05151 14.30548 14.27863 14.00685 14.16329 14.29808 14.41041 14.46877 14.46164 14.56 14.67178 14.53671 14.36493 14.31205 14.14192 13.78959 13.75863 13.25973 12.84438 12.85233 12.77644 11.30822 11.71014 11.53808 11.45973 11.97836 12.10603 12.24712 12.27808 12.12685 11.64712 12.1726 12.59123 12.54603 12.17425 11.85699 12.02192 12.90356 12.53507 12.6126 12.76603 12.79096 12.63589 11.82301 11.47479 12.56466 12.97069 12.72795 12.36986 12.18 12.00466 11.02301 10.07123 10.40466 11.82384 12.40986 12.46603
13.33151 13.4726 13.44795 12.98658 13.08658 13.52438 13.78493 13.87836 13.26904 13.26329 13.53644 13.4811 13.46658 13.87616 14.12329 14.23973 14.10575 14.34274 14.46082 14.54137 14.56356 14.49863 14.44795 14.53589 14.54603 14.26 14.20192 14.08219 13.6874 13.22 12.03863 11.74849 11.87452 11.82356 11.47205 11.75562 11.45479 11.65397 11.97836 12.10603 12.24712 12.27808 12.12685 11.64712 12.1726 12.59123 12.54603 12.17425 11.85699 12.02192 12.81069 12.53507 12.6126 12.31616 11.7737 12.26521 12.51589 12.85123 12.29288 12.62658 12.83945 12.76521 12.63342 12.36274 11.86575 11.12904 10.59123 11.46438 11.68055 11.77178
12.86164 13.43233 13.23671 13.48548 13.65562 13.68959 13.78438 13.9 13.52411 13.34548 13.59589 13.70247 13.83836 14.1726 14.2011 14.22712 14.25644 14.45616 14.56027 14.57753 14.58 14.68 14.53973 14.5874 14.57096 14.28438 14.17726 14.04411 13.80493 12.91699 11.85836 11.70192 11.60712 11.78219 11.98274 11.91068 12.08959 12.07123 12.10082 12.34301 12.50411 12.21534 12.15315 12.28164 12.31945 12.22247 12.47562 12.81096 12.82438 12.63425 12.60356 13.06 12.98521 12.31616 11.7737 12.26521 12.51589 12.85123 12.29288 12.62658 12.83945 12.76521 12.63342 12.36274 11.86575 10.91096 10.13534 9.710411 9.822466 9.522466
12.76959 13.43589 13.25808 13.43425 13.42219 13.46904 13.73315 13.87096 13.87206 13.64027 13.7926 13.93945 13.99863 14.10247 14.26877 14.33342 14.28849 14.47562 14.49562 14.63808 14.77945 14.72767 14.57041 14.62493 14.39973 14.30219 13.9989 13.4863 13.37507 12.95781 11.99068 11.88822 11.82712 11.72274 12.20712 11.62849 12.1326 11.95233 11.90493 12.21041 12.5537 12.53096 12.39753 12.27589 11.68301 11.34164 11.57233 12.07452 12.43918 12.79836 13.28521 12.83096 12.53945 12.19562 11.77589 11.42575 11.44411 11.45014 11.32877 11.84877 12.21644 12.39945 11.7537 11.6137 11.85945 10.91096 10.13534 9.710411 9.822466 9.522466
12.4611 13.27973 13.23397 13.33068 13.52986 13.69397 13.80658 13.89726 13.96959 13.83644 13.94548 14.07151 14.12027 14.12438 14.18192 14.35918 14.31178 14.47534 14.46493 14.47288 14.6 14.90082 14.9263 14.82959 14.51068 14.34438 14.06247 13.67014 13.76384 13.26137 12.28849 12.08082 11.74493 11.63205 12.27123 12.07726 12.3389 11.88 11.98466 11.91644 12.14411 12.61479 12.40192 11.90959 11.76904 12.09836 12.18767 12.29288 12.42027 12.30274 13.30712 12.72219 12.57507 11.95726 11.46986 11.50384 11.25342 10.86247 11.53425 11.94329 12.11836 12.46822 12.65151 12.51315 12.27973 11.70247 10.40274 10.85671 10.32384 10.62685
12.46986 12.93836 12.98027 13.19069 13.48849 13.61863 13.66712 13.86192 14.01288 14.02795 14.10795 14.1674 14.24877 14.32493 14.32685 14.30411 14.33288 14.27041 13.84603 13.91945 14.55014 14.77616 14.88931 14.8926 14.5526 14.29315 14.30192 14.19123 14.00986 14.0474 12.52411 12.60164 11.3789 10.97671 12.41178 12.47699 12.01233 12.27343 12.02274 12.14575 12.41178 12.65562 12.27671 11.55753 11.88356 12.32575 12.77343 12.63151 12.24986 12.51562 13.22411 12.88411 12.57205 12.64027 12.64712 12.28767 11.90055 11.76164 11.48082 11.8137 12.23041 12.55479 12.71973 12.26603 11.93178 10.71068 9.739178 10.38164 12.39315 12.15753
12.68657 12.85753 12.93699 13.37288 13.64959 13.61616 13.59397 13.75342 13.65562 14.23123 14.14466 14.10767 14.20384 14.36247 14.44904 14.35069 14.31397 14.39315 14.47781 14.48575 14.51014 14.63863 14.59452 14.70384 14.44904 14.15315 14.24356 14.13808 14.05342 13.93781 13.63534 13.53425 12.64712 12.13534 11.82411 12.38329 12.15151 12.55699 12.5937 12.6926 12.76658 12.82356 12.06658 11.75781 12.06959 12.63068 12.90904 12.91288 12.81205 12.81507 12.92137 12.21644 11.38219 11.86192 12.5937 12.56466 12.11863 12.12575 11.08794 11.05315 11.29096 11.85699 12.4189 12.17699 11.90849 11.35781 10.83014 11.80438 12.21041 12.02274
12.86411 13.21753 13.31753 13.58959 13.72521 13.69616 13.64438 13.70658 13.77205 14.18548 14.17288 14.20411 14.25644 14.28767 14.31205 14.26548 14.11562 14.10795 14.34877 14.54795 14.56055 14.47479 14.51671 14.49945 14.35589 14.30137 14.4411 14.38356 13.94986 13.84137 13.94411 13.30904 12.9811 12.92411 11.73479 11.6211 12.43397 11.75699 12.38877 12.26493 11.83068 11.73205 12.02959 12.66137 12.3789 12.59973 12.79342 12.74767 12.7737 13.00137 13.0389 11.41863 10.86986 10.8526 11.61425 12.46219 12.56712 12.1726 11.13644 10.77014 10.72438 11.36932 11.92959 11.68822 10.51616 9.546849 10.60219 11.58384 12.82603 13.0011
13.30658 13.66219 13.81397 13.77288 13.70794 13.82301 13.88849 13.81288 13.90301 14.02027 14.16466 14.20986 14.21589 14.20438 14.20438 14.23945 14.21918 14.15973 14.24849 14.2611 14.22247 14.29589 14.39069 14.12384 14.08521 14.12794 14.4126 14.50932 14.17452 13.73425 13.57041 12.09397 12.4874 12.74384 12.63836 12.14301 12.60438 12.66384 12.54411 11.90082 11.55342 11.3274 11.27945 13.03041 12.93069 12.42 12.10658 12.04411 12.07425 12.23644 12.54986 11.58712 11.72685 11.33671 11.67671 12.49041 12.71151 12.42438 12.18822 11.79014 11.15973 11.28384 11.7274 11.85945 10.46767 9.617535 10.55479 10.81863 11.65425 11.69069
13.30658 13.66219 13.81397 13.77288 13.70794 13.82301 13.88849 13.81288 13.90301 14.02027 14.16466 14.20986 14.21589 14.20438 14.20438 14.23945 14.32959 14.29918 14.2337 13.95863 13.87671 14.14959 14.14027 13.76877 13.97863 14.02274 14.23069 14.30904 14.15315 13.88849 13.70575 12.22274 13.07096 13.67151 12.78493 12.50521 12.40301 13.14192 12.21315 11.4137 11.30247 11.92274 12.43699 12.89589 12.18411 11.87425 12.36192 12.41671 12.2 12.19644 12.1126 11.24822 12.18603 11.7011 11.79342 12.25342 12.26849 12.2263 12.21699 12.00438 11.69863 11.4937 11.61342 12.03644 11.63945 11.13425 11.79206 10.94658 11.70986 11.68767
13.54849 13.53068 13.70904 13.77452 13.7389 13.79644 13.86959 13.8611 13.82658 13.89808 14.09397 14.16329 14.14877 14.12384 14.14411 14.23945 14.32959 14.29918 14.2337 13.95863 13.87671 14.14959 14.14027 13.76877 13.97863 14.02274 14.23069 14.30904 14.15315 13.88849 13.70575 12.22274 13.07096 13.67151 12.78493 12.50521 13.40493 12.49973 11.38082 11.5863 12.00986 12.47726 12.8126 12.4537 13.04082 12.78685 12.23507 12.42986 12.69644 12.66986 12.41288 12.31151 12.37671 12.19014 11.69808 11.18219 10.87644 10.92 11.30356 10.99205 11.15836 11.2337 11.54822 12.11315 12.40658 11.96055 12.43069 11.32603 11.95863 12.30548
13.48301 13.25918 13.64904 13.72767 13.70575 13.74904 13.79753 13.79616 13.79233 13.95918 14.08767 14.05041 14.03425 13.98767 13.93808 14.0474 14.22822 14.30411 14.22657 13.74904 13.5611 13.94137 13.99123 13.91452 14.13041 13.94548 14.18329 14.23945 14.1474 13.74274 13.46877 12.28932 13.01671 13.69315 13.64849 13.53753 13.40493 12.49973 11.38082 11.5863 12.00986 12.47726 12.8126 12.4537 13.04082 12.78685 12.23507 12.42986 12.69644 12.66986 12.41288 12.49178 11.85014 11.47863 11.58329 11.20055 10.22931 9.610685 9.802192 9.628493 10.05589 11.0989 11.90274 12.35151 12.56904 11.89096 12.29589 12.01918 12.25753 12.67041
13.38411 13.45178 13.70493 13.63863 13.45562 13.5263 13.65342 13.70082 13.77178 14.00137 14.11397 14.16137 14.17206 14.13945 14.12877 14.21644 14.29507 14.37041 14.27507 13.94411 13.80247 13.98027 13.96767 14.05562 14.11671 13.94658 14.08192 14.18657 14.24548 14.08685 13.59534 13.01452 13.64274 13.96274 13.20932 12.81863 13.02082 10.95616 11.54137 12.1811 12.45808 12.62904 12.73808 12.07507 12.82877 12.80658 12.29014 12.47315 12.51562 12.45808 12.85288 12.49178 11.85014 11.47863 11.58329 11.20055 10.22931 9.610685 9.802192 9.628493 10.05589 11.0989 11.90274 12.35151 11.9989 12.16959 11.11205 11.52329 11.33397 12.41041
13.6674 13.77479 13.34795 13.35288 13.64877 13.75206 13.74932 13.7463 13.75123 14.0463 14.20521 14.26192 14.25671 14.27425 14.36521 14.49945 14.54137 14.45918 14.19753 13.84411 13.82274 14.00027 13.92274 14.00301 13.90027 13.8189 13.92027 14.12055 14.25562 14.01288 13.93863 14.0126 14.03726 13.95425 12.60521 12.10986 12.17479 11.13836 11.18384 11.97753 12.21863 12.39342 12.45918 12.27233 12.86329 12.70082 12.34219 12.35671 12.1674 12.13151 12.56274 12.43425 12.11233 11.39151 11.55616 11.22438 10.78658 11.18247 10.97288 10.38767 9.151781 10.0874 10.90137 11.39726 11.9989 12.16959 11.11205 11.52329 11.33397 12.41041
13.77233 13.81507 13.86247 13.81479 13.78192 13.71123 13.67534 13.71151 13.8074 14.27945 14.34877 14.39397 14.13973 14.06904 14.33096 14.5537 14.34712 14.0937 13.81753 13.52712 13.63041 13.79123 13.55507 13.65671 13.82877 13.99534 13.9137 14.23041 14.36849 14.19069 14.18603 13.92931 13.87836 13.69753 11.78658 11.60329 11.40055 11.73014 12.14137 12.16329 12.30959 12.31973 11.98247 12.52055 12.56822 12.27233 12.06219 12.50822 12.79096 12.71534 12.47699 12.05123 12.28932 11.90411 11.94082 11.34164 11.0663 11.90137 11.77069 11.10247 9.316164 9.753698 9.983835 10.18877 11.25918 12.32082 11.28712 10.68795 11.50055 12.06767
13.74219 13.54466 13.85041 13.87836 13.89151 13.87014 13.89151 13.94603 13.98438 14.36301 14.2463 14.16986 14.12082 14.14877 14.24658 14.20329 13.6926 13.49123 13.32767 13.36356 13.68438 13.81945 13.5063 13.56329 13.93616 13.81425 13.94027 14.27205 14.40959 14.38356 14.2874 13.9926 13.82192 13.18356 11.72055 11.94986 11.77096 12.72575 12.17863 11.7863 12.49397 12.56685 12.43425 12.41973 12.91808 12.74493 13.10137 12.95233 12.68521 12.52822 12.37123 11.97945 12.43589 12.13425 11.86356 11.57918 11.30247 11.19753 11.27233 11.29397 9.174247 10.49288 11.11479 11.12055 11.76904 12.53397 11.38986 11.46438 12.24767 11.9737
13.73726 13.60192 13.56411 13.73945 13.92137 13.93288 13.88822 13.94027 14.05479 14.22411 14.01479 14.22164 14.23562 14.29342 14.49397 14.63534 14.52959 14.23041 13.86466 14.05123 14.37562 14.07178 13.46164 14.0463 14.04137 13.77507 13.95096 14.24219 14.34 14.34521 14.11342 14.13014 13.53863 12.35397 12.15096 12.30164 12.9 13.00356 11.87562 12.23288 12.30877 12.45671 12.37836 12.3411 12.86082 13.08219 13.20329 12.8863 12.49534 12.2263 12.24137 12.40247 12.2211 11.78493 11.13534 11.37918 11.80575 11.57644 10.80247 10.5326 10.97562 10.80438 10.82411 11.10082 11.64931 12.29397 11.50466 11.80329 11.59205 11.78603
14.19863 14.02822 13.84767 14.0063 14.13507 14.06986 14.14767 14.17425 14.05068 13.74575 14.28027 14.45699 14.38493 14.14027 14.03945 14.24466 14.37206 13.47589 13.72548 14.04274 14.26247 14.16356 13.86521 13.94959 14.17671 13.5663 14.04247 14.24904 14.15205 14.05836 14.05397 13.99205 13.14986 12.35205 12.28904 13.24329 13.33644 13.28493 11.84493 12.34931 12.23178 12.22192 12.29863 12.4874 12.56575 13.05507 13.20986 13.40658 12.96274 12.76329 12.91644 12.46219 11.60137 12.17781 11.5189 11.78247 11.97918 11.51671 11.24877 11.03507 11.03863 11.63973 11.83699 11.6663 11.77069 11.96904 11.18521 11.83945 11.48712 11.1726
14.34548 14.32877 14.1126 14.0526 14.20356 14.28027 14.31973 14.21534 14.11589 14.20767 14.48932 14.60356 14.56219 14.45726 14.42904 14.39726 14.28055 14.12712 14.1074 14.28767 14.49288 14.30658 13.70658 13.40082 14.04575 14.24466 13.94822 14.40356 14.47753 14.51068 14.25863 13.53151 12.92027 12.88658 12.6389 13.6463 13.69562 13.03014 11.93014 12.3674 12.39945 12.28055 12.57288 12.91041 13.04959 13.17014 13.42685 13.42877 13.06384 13.03863 13.14356 12.52247 11.37096 11.64356 11.95178 12.06959 11.87781 11.69178 11.84329 12.06849 11.27315 11.76329 11.46493 10.90658 10.96466 11.23973 10.41945 11.11644 11.03808 11.24959
14.34548 14.32877 14.1126 14.0526 14.20356 14.28027 14.31973 14.21534 14.11589 14.20767 14.48932 14.47288 14.38192 14.14795 14.19918 14.44164 14.34 14.55096 14.60164 14.52301 14.60137 14.63671 14.17616 13.44493 14.05288 14.34575 14.47123 14.36932 14.12548 13.78356 13.5274 13.15699 12.6211 12.6263 13.03562 13.62575 13.93233 13.05479 12.79726 11.87945 12.00356 12.33342 12.31397 13.34849 13.41753 13.27644 13.16137 13.33753 13.22055 13.17918 13.17041 12.73069 12.14055 11.4074 11.73342 11.92027 11.53068 11.35452 11.99315 12.5 11.35918 11.96 11.66027 11.23644 11.24932 11.78356 11.32794 10.90932 11.59342 11.75781
14.39945 14.45315 14.35315 14.15973 14.12356 14.24329 14.33973 14.40027 14.45918 14.57315 14.50301 14.47288 14.38192 14.14795 14.19918 14.44164 14.34 14.55096 14.60164 14.52301 14.60137 14.63671 14.17616 13.44493 14.05288 14.34575 14.47123 14.36932 14.12548 13.78356 13.5274 13.15699 12.6211 12.6263 12.45041 13.99671 14.21233 13.90767 13.89096 12.98959 12.41041 12.68219 12.42959 12.78575 13.00932 13.44986 13.31589 13.39041 13.26849 13.10931 13.02712 12.95123 12.55863 11.54301 12.23069 12.45123 12.22274 12.12493 12.30274 12.28822 12.12959 11.86603 11.78575 11.83068 11.90521 12.05151 12.27644 11.21397 12.3726 11.92
14.31836 14.39671 14.4263 14.1611 14.14575 14.29918 14.40055 14.46849 14.53945 14.56466 14.26301 14.56329 14.31671 14.14904 14.23781 14.39644 14.42767 14.40493 14.74685 14.71425 14.66 14.61069 14.5063 14.20219 13.44219 13.63041 14.29726 14.10384 13.90274 13.63863 13.09479 13.07151 13.08603 12.79233 12.45041 13.99671 14.21233 13.90767 13.89096 12.98959 12.41041 12.68219 12.42959 12.78575 13.00932 13.44986 13.31589 13.39041 13.26849 13.10931 12.76986 13.18521 12.86192 12.02055 12.55781 12.72 12.32493 11.83288 11.63808 11.67206 11.55233 11.90685 11.8737 11.89562 12.05781 12.40055 12.72493 12.31589 12.7337 12.43808
14.04384 14.13096 14.23425 14.0989 14.11699 14.21534 14.36822 14.54849 14.66192 14.53014 14.19507 14.56027 14.48822 14.29479 14.21918 14.29123 14.33671 14.25836 14.71425 14.56849 14.55973 14.59671 14.51342 14.3411 14.1926 14.07562 14.14027 14.01836 14.14575 14.35781 14.06959 13.39342 12.64466 12.75397 13.46795 13.36658 13.93589 14.04521 13.93233 13.2663 11.92274 12.70055 12.78192 12.65808 13.52548 13.50603 13.44767 13.42603 13.29151 12.80986 12.76986 13.18521 12.86192 12.02055 12.55781 12.72 12.32493 11.83288 11.63808 11.67206 11.55233 11.90685 11.8737 11.83863 12.06521 11.9789 11.9526 12.29699 12.80575 12.88548
