data/maps/tavg.txt
ncols         643
nrows         661
xllcorner     8515.9999992024
yllcorner     47670.999937602
cellsize      1000
NODATA_value  -9999
[rows 248 to 278 of 661, columns 280 to 349 of 643]
11.29452 12.05534 12.14384 11.98384 12.11425 10.3137 10.87945 11.48192 12.48411 13.3126 13.13123 12.66603 13.59315 13.3726 13.56411 13.4263 12.86822 11.86438 10.85041 10.63041 9.564657 10.56959 11.99452 12.46055 13.02356 12.35534 11.68 11.51534 12.01014 12.00795 12.42 11.72411 11.34521 11.15671 10.77425 11.00192 11.07808 10.88384 10.94192 12.5389 13.01534 13.50795 13.03644 12.85479 12.54274 12.54548 13.25479 13.37644 13.42685 13.32082 13.22466 13.22438 13.27699 13.27096 13.20822 12.87425 12.95096 13.07973 13.13288 13.09096 13.02548 13.00986 12.93699 12.9663 12.5663 12.31671 12.05562 12.08603 11.33479 11.88082
11.29452 12.05534 12.14384 11.98384 12.11425 10.3137 10.87945 10.59315 10.83562 11.6989 13.01315 13.90493 14.07973 13.84438 13.56904 13.1737 12.24959 10.93781 10.40027 11.62794 11.55452 11.80603 12.8737 12.97562 12.91068 12.36411 12.37945 12.62767 12.73041 12.22931 12.40959 11.81151 11.56548 11.83397 11.57014 12.03233 11.81452 11.66603 11.84274 12.82575 13.19205 13.63452 13.16959 12.73096 12.88931 13.24986 13.39315 13.5063 13.42603 13.41507 13.40164 13.33123 13.26658 13.24055 13.16959 13.14466 13.15041 13.21562 13.16685 13.04219 13.10603 13.25151 13.43288 13.16027 12.39069 12.28959 12.32 11.96329 11.56493 12.53863
11.86603 11.94438 10.73863 9.776712 10.00274 12.05945 9.689315 10.59315 10.83562 11.6989 13.01315 13.90493 14.07973 14.00329 13.56904 13.1737 11.43233 10.13726 9.901096 11.36301 12.15397 12.40192 13.16658 13.09342 12.84493 12.61041 12.9789 12.81562 12.81315 12.69151 12.61452 12.18712 12.15123 12.72959 12.54356 12.43315 12.03616 11.77123 12.33945 12.33808 13.31096 13.47151 13.30877 12.71671 12.57425 12.86959 13.24849 13.59479 13.42986 13.45315 13.3863 13.38274 13.38466 13.29397 13.17589 13.31973 13.30493 13.20877 13.11288 13.07534 13.14685 13.18767 13.30795 13.08932 12.40274 12.74329 12.78438 12.09041 11.95836 12.60658
10.83342 10.88575 9.700822 9.255342 9.663562 11.15534 11.76521 10.20384 9.501918 10.3663 12.32685 13.91425 14.09808 14.02466 11.12521 11.83644 11.43233 10.13726 9.901096 11.36301 12.15397 12.40192 13.16658 13.09342 12.84493 12.77726 13.10438 12.99945 12.08932 12.85671 13.02959 12.46849 12.48712 12.89069 12.9463 13.16 12.6989 12.51178 12.93699 12.64685 13.05699 13.70247 13.43863 13.08822 12.54685 12.64055 13.30329 13.76548 13.62 13.39781 13.4726 13.5063 13.40932 13.24685 13.13205 13.24411 13.11288 13.16822 12.98493 12.80438 12.80192 12.67945 12.4526 12.76685 12.42658 12.96055 13.02849 12.50027 12.69699 12.77205
10.94959 10.79041 9.740822 10.09151 10.63699 9.428219 10.16904 10.15562 8.68959 9.869589 11.41616 12.48274 13.71233 14.10493 12.9 12.73616 11.66301 10.23918 9.833973 10.57781 10.23315 11.68356 12.90822 13.28356 13.14849 12.77726 13.10438 12.99945 12.08932 12.85671 13.02959 12.46849 12.48712 12.64849 12.8274 13.14301 13.10548 13.14795 13.36685 13.01699 13.26082 13.75041 13.66767 13.20877 12.77452 12.97562 13.44 13.69863 13.73671 13.39863 13.52438 13.72521 13.66055 13.40384 13.2863 13.45671 13.01288 12.74329 12.57041 12.54301 12.40822 12.07425 12.38329 12.66411 12.70247 13.04164 12.9611 12.78959 12.89973 13.02548
11.9274 11.85288 12.1263 12.40164 12.21397 11.19178 10.08384 10.36575 9.859452 10.05808 11.3063 12.77918 13.73918 14.18384 13.61644 12.49699 11.99973 12.07425 11.95068 11.61342 12.04027 12.61753 13.01699 13.49014 13.40247 13.00767 12.77589 12.36411 12.40877 12.60411 13.04274 11.99945 12.19726 12.64849 12.8274 13.14301 13.10548 13.14795 13.36685 13.01699 13.62794 13.58411 13.57863 13.62137 13.37863 13.27151 13.38493 13.51562 13.85452 13.6674 13.64904 13.44082 13.4 13.44575 13.30658 13.29041 12.5189 12.52658 12.56438 12.21507 11.91452 12.18411 12.23726 12.70466 12.77343 13.13781 12.7811 12.54521 12.6663 12.79562
12.16055 11.78822 12.37068 12.90027 12.40575 10.72301 11.11945 11.92411 12.14657 11.12932 11.4274 12.74959 13.82986 14.20027 13.6189 13.08027 12.49233 11.8389 11.78219 12.45233 12.8737 13.46603 13.10822 13.23342 13.37425 13.19781 12.89151 13.53151 13.54384 13.05507 13.05726 11.91753 11.74329 12.0989 12.57973 12.77616 13.10959 13.47096 13.66384 13.70767 13.62794 13.58411 13.57863 13.62137 13.37863 13.27151 13.38493 13.5611 13.69479 13.77918 13.51425 13.43342 13.22521 13.03836 12.8789 12.31671 12.40137 12.46822 11.89479 11.81178 12.07945 12.15973 12.34521 12.17068 12.73178 13.32411 13.06 12.71151 12.44137 12.74192
12.60027 12.58301 12.38712 12.86493 12.28959 10.87452 11.5463 12.8737 13.08658 12.36055 12.90986 13.64027 13.83014 14.01781 13.2263 12.15233 11.44849 11.5789 12.42329 13.18082 13.03397 13.14274 13.72466 13.41397 13.36932 13.23616 13.37397 13.57671 12.49808 11.65014 12.2337 12.13342 12.70219 12.98521 13.15726 13.13781 13.45315 13.55699 13.59123 13.64849 13.54247 13.5 13.69836 13.77096 13.73534 13.55452 13.46603 13.5611 13.69479 13.77918 13.51425 13.43342 13.22521 13.03836 12.38685 11.91808 11.46575 12.02055 12.49836 12.36274 11.88904 11.60411 11.57397 11.82822 13.00329 13.30466 13.08685 12.93288 12.70685 12.68055
12.87068 12.83342 12.53644 13.02356 12.58932 11.82164 12.34877 12.58904 13.27699 12.75671 13.0989 13.32164 13.34959 13.7726 12.74548 11.68164 10.56329 11.31973 12.87096 13.5074 13.07397 13.42822 13.46411 13.27425 13.07397 13.38986 13.80301 13.28356 13.10411 13.02411 13.1011 12.53781 13.20384 13.65534 13.68164 13.61534 13.42493 13.35123 13.24712 13.11096 13.28575 13.36411 13.65616 13.89288 13.68822 13.64466 13.71753 13.70986 13.88466 13.62822 13.28877 13.23918 13.01123 12.69452 12.38685 11.91808 11.63589 12.02055 12.49836 12.36274 11.88904 12.07342 12.07726 13.09397 13.40712 13.29753 13.08685 12.83507 12.74055 12.81233
12.0737 11.86027 12.83918 12.55397 12.78356 13.16438 13.10931 12.88466 13.24877 13.1874 13.48274 13.31836 13.16027 13.60767 12.74904 11.93315 11.74603 12.54767 13.43726 13.75671 13.58685 13.40137 13.43342 13.24164 13.43425 13.83781 13.70493 13.33206 13.66192 13.74438 13.5611 13.09096 13.23452 13.61918 13.54082 13.39479 13.37315 13.3337 13.41753 13.23233 13.04521 13.28959 13.51808 13.85233 13.73699 13.71397 13.72575 13.72877 13.76575 13.3126 13.18959 12.87479 12.41918 11.84219 11.75096 12.08877 10.98658 11.36082 11.82877 11.99836 12.09507 12.07342 12.07726 13.09397 13.40712 13.29753 13.08685 12.81562 12.88521 13.09699
11.16521 12.61562 12.87671 11.88575 11.99699 12.90027 12.54192 13.58658 13.15863 13.40712 13.55123 12.8389 12.39945 12.89123 13.71616 13.78356 13.5074 13.6537 13.92027 13.90712 13.71644 13.80521 13.64767 12.99342 13.52931 13.96904 13.98247 13.96932 13.71753 13.61123 13.74712 13.71397 13.68411 13.79726 13.85343 13.87452 13.87671 13.83178 13.87534 13.81288 13.6863 13.77671 13.90795 13.84712 13.80247 13.8137 13.83397 13.79589 13.40658 13.08411 13.00164 12.54137 11.92466 11.56247 11.72959 12.13753 11.63726 12.29425 12.59507 12.55507 12.28794 12.23589 12.77507 13.32 13.43589 13.02356 12.87452 12.81562 12.88521 13.09699
11.16521 12.61562 12.87671 11.88575 11.99699 12.90027 13.38301 13.88795 13.58219 13.31205 13.46466 12.87836 12.07151 11.88356 12.33671 13.80521 14.01808 14.10493 14.14822 14.13644 14.00548 13.81014 13.81534 13.29068 13.90767 13.97671 13.9126 14.12986 14.06247 14.08356 14.03699 14.01644 13.94301 13.93973 13.94658 14.03918 13.95151 13.99452 14.02 13.98658 13.98904 13.97781 13.94438 13.83699 13.83206 13.89205 13.91068 13.78356 13.50411 13.02712 12.44384 12.76712 12.11753 11.96548 12.22795 12.39918 12.69397 12.75616 13.00027 12.42493 12.29096 12.78959 13.24411 13.47507 13.65041 13.51178 13.3389 13.31726 13.07507 12.86274
12.23616 12.55781 12.29397 11.80603 12.18027 13.0474 13.38301 13.88795 13.58219 13.31205 13.46466 12.87836 12.07151 11.88356 12.33671 13.6011 13.81425 13.86274 13.94438 14.10658 14.21671 14.08329 13.59699 13.81671 14.14247 14.08027 14.06247 14.19315 14.12192 14.0863 14.1263 14.09808 14.04767 13.92521 13.83096 13.87589 13.9537 13.97863 14.00849 14.03342 14.04438 13.99068 13.92356 13.84 13.89041 13.94466 13.96438 13.84849 13.49781 12.80137 12.60411 13.09397 12.96247 12.85479 12.87808 12.95425 13.04082 13.19041 12.8737 12.89808 13.17014 13.3526 13.38274 13.51233 13.37315 13.4211 13.11945 12.96877 12.90658 12.77096
12.33425 12.02055 12.28466 12.41726 12.58247 13.15562 13.57452 13.43096 12.59425 12.50247 13.15726 12.19041 11.70301 12.40849 13.07452 13.6011 13.81425 13.86274 13.94438 14.10658 14.21671 14.08329 13.59699 13.81671 14.25671 14.19069 14.20247 14.26959 14.19644 14.2337 14.17699 14.15836 14.06219 13.93342 13.76767 13.7737 13.85123 13.94658 14.01041 14.02384 13.99836 13.99507 13.89781 13.84822 13.71562 13.88301 13.9611 13.78986 13.42466 13.35288 13.54192 13.58658 13.47589 13.4674 13.39753 13.24493 13.12767 13.48192 13.02493 13.14603 13.29836 13.45178 13.52931 13.44712 13.55945 13.42356 13.09699 13.1074 13.15562 13.00329
12.20301 12.84795 13.06438 12.9537 13.21945 13.56959 13.16438 12.36219 11.79973 12.05616 12.71836 12.48521 11.75918 11.7211 12.58 13.42219 13.64493 13.6926 13.83123 14.04575 14.20986 14.15808 13.73671 14.09425 14.25671 14.19069 14.20247 14.26959 14.19644 14.2337 14.17699 14.15836 14.04137 13.95397 13.86658 13.85808 14.00959 13.83945 13.96822 14.0526 13.90192 13.87479 13.89699 13.78959 14.01973 13.62877 13.72466 13.69205 13.64685 13.78 13.7737 13.82849 13.63068 13.64795 13.53507 13.23479 13.14164 13.4989 13.02055 13.26849 13.39671 13.53123 13.63425 13.5674 13.5989 13.64247 13.18657 13.35041 13.33836 13.21507
13.17233 13.38219 12.7137 12.96356 13.48219 13.5811 13.03096 11.68466 11.1874 10.38548 11.25288 11.75753 12.16493 12.61205 12.67726 12.97671 13.65616 13.84959 13.98959 13.83562 13.85452 14.23342 14.11534 13.8663 14.2937 14.29288 14.3063 14.3137 14.2389 14.18027 14.18384 14.17534 14.04137 13.95397 13.86658 13.85808 14.00959 13.83945 13.96822 14.0526 13.99151 13.94904 13.95397 14.06411 14.04329 13.40932 13.54356 13.60931 13.56904 13.57671 13.8726 13.76849 13.78384 13.7937 13.68904 13.48301 13.3337 13.37425 13.15589 13.39918 13.54247 13.62548 13.73233 13.82986 13.81671 13.78932 13.35233 13.40986 13.47425 13.49836
12.09178 13.16329 13.37068 13.28301 13.47699 13.05863 12.63425 11.95644 11.05178 11.74904 12.04192 12.40767 12.70712 13.25589 13.67068 12.91479 13.72466 14.04329 14.05562 13.95123 14.01562 14.24575 14.19863 14.1337 14.23123 14.30411 14.36274 14.37479 14.31753 14.20877 14.25726 14.26164 14.11589 14.00219 13.95589 14.02301 14.10027 13.84904 13.96904 14.01479 13.99151 13.94904 13.95397 14.06411 14.04329 13.40932 13.54356 13.89233 13.83096 13.87616 13.95808 13.95288 13.89918 13.92192 13.67233 13.61479 13.67178 13.45534 13.59753 13.6811 13.65507 13.68931 13.80466 13.91151 13.91699 13.77644 13.43069 13.43452 13.49671 13.62356
12.12192 13.02822 13.40795 13.40082 13.55315 13.13808 12.37808 11.93041 12.32 13.09397 13.48356 12.95068 13.31836 13.69753 13.73288 13.49397 13.98082 13.9337 14.08356 14.16466 14.23014 14.30055 14.24986 14.22822 14.31781 14.33644 14.36164 14.36822 14.32192 14.27753 14.39069 14.31397 13.9589 13.89151 13.92137 14.01068 14.19726 14.13973 14.20384 14.14137 13.81699 13.76575 13.64822 13.85288 13.93918 14.03808 13.98603 13.89233 13.83096 13.87616 13.95808 13.95288 13.89918 13.92192 13.95068 13.64712 13.47616 13.6189 13.46274 13.37644 13.43178 13.59534 13.81041 13.9589 13.94712 13.85205 13.64685 13.61397 13.48795 13.58849
12.84055 13.34712 13.48959 13.0926 13.24247 13.08219 12.74082 12.37863 13.28822 13.90932 13.98137 13.04685 13.23315 13.83918 14.13452 14.08575 13.9463 14.12904 14.24219 14.24329 14.29589 14.37178 14.32658 14.21753 14.31973 14.3463 14.35644 14.3926 14.41342 14.35288 14.15808 14.40137 14.11836 14.00849 14.00849 14.06466 14.05397 13.80795 14.06685 14.13068 14.00959 14.03233 14.01616 13.92877 13.71973 13.95781 13.88384 13.61233 13.45945 13.53534 13.75534 14.02548 14.04301 14.03123 13.95068 13.64712 13.47616 13.6189 13.46274 13.37644 13.40877 13.47616 13.73918 13.97315 13.9411 13.88521 13.86548 13.87178 13.66411 13.5926
13.1063 13.30658 12.92219 13.08986 12.50301 12.84658 13.18849 12.96466 13.69315 14.03589 14.02411 13.79068 13.5337 13.73425 14.06274 14.11562 14.25726 14.25808 14.24521 14.27973 14.37014 14.42712 14.38164 14.30493 14.23726 14.32877 14.38027 14.43205 14.4726 14.35945 14.05233 14.37781 14.04685 13.59671 13.5674 13.63041 13.69726 13.81945 14.05233 14.06356 14.07342 13.85863 13.88137 14.00055 13.98356 13.86356 13.85918 13.90767 13.92575 13.92603 13.76658 14.11918 14.06329 14.01781 13.76822 13.47233 13.56849 13.9589 13.81699 13.34712 13.40877 13.47616 13.73918 13.97315 13.9411 13.88521 13.86548 14.05918 13.89205 13.77534
12.37781 12.79507 12.33507 12.49452 12.16822 12.67562 13.35151 13.31178 13.18767 13.76192 13.91945 13.88685 13.97151 14.01041 13.87342 13.82904 14.32055 14.35123 14.35918 14.32466 14.28877 14.32466 14.34986 14.15726 13.99836 13.73863 13.9011 14.03205 14.23726 14.52164 14.27534 14.43041 14.13534 13.48438 13.3989 13.52055 13.66822 13.65479 14.13863 13.95534 13.70137 13.77233 13.87863 13.9874 14.00301 13.88877 13.9926 13.98329 13.96767 14.00082 14.03781 14.08384 13.93781 13.97151 13.95096 13.84822 13.82603 13.88521 13.98356 13.71096 13.68247 13.57233 13.7863 14.06466 14.04959 13.87836 13.97616 14.05918 13.89205 13.77534
12.37781 12.79507 12.33507 12.49452 12.16822 12.6474 13.38959 13.5937 13.2137 13.44712 13.92247 13.60438 14.03534 14.14849 14.0274 14.12658 14.40548 14.31918 14.41425 14.39397 14.39836 14.39918 14.26822 14.03425 14.11616 14.27343 14.49863 14.57726 14.51288 14.20959 13.72411 14.56767 14.12986 13.61671 13.74274 13.97479 14.00603 13.95507 13.95726 13.76082 13.82192 13.83534 13.89562 13.94274 13.92137 13.98849 14.07014 14.04548 13.98219 13.98959 13.55342 13.76411 13.62 13.69452 13.68849 13.76904 13.45699 13.05589 13.28082 13.90192 13.75918 13.93041 13.88685 13.88411 13.9874 13.97452 13.94603 13.74438 13.65069 13.72767
11.59534 12.41699 12.24767 11.95096 12.09123 12.6474 13.38959 13.5937 13.2137 13.44712 13.92247 13.60438 14.03534 14.14849 14.29863 14.2189 14.41288 14.12575 14.14685 14.25589 14.40247 14.47425 14.3326 14.12521 14.41507 14.46904 14.44603 14.2474 14.20384 14.33562 14.34603 14.54055 14.45836 14.35069 14.2674 14.23479 14.2074 14.12192 13.71589 13.7811 13.8411 13.99425 14.04164 14.0389 13.97726 14.00466 14.06164 14.02603 14.0189 14.05479 13.30575 13.48247 13.63863 13.54658 13.19616 13.13671 13.18329 12.99205 12.62438 13.81151 13.75096 13.55836 13.25753 13.50795 13.96411 13.87041 13.50795 13.49452 13.43836 13.39863
11.41753 11.96466 12.66192 11.90329 12.43151 12.76822 13.41123 14.00986 13.84849 13.40493 13.79041 13.94877 14.03863 14.21479 14.29863 14.2189 14.41288 14.12575 14.14685 14.25589 14.40247 14.47425 14.3326 14.48795 14.49041 14.59151 14.19397 14.07753 14.2537 14.20794 13.95644 14.53589 14.33096 14.37534 14.2663 14.23589 14.12575 13.74247 13.57534 13.9411 14.00247 14.09014 14.08932 14.08877 14.05452 13.99616 13.69069 13.60274 13.61753 13.5274 13.79562 13.47836 13.08411 12.96603 13.5 13.23671 12.87863 13.09014 13.63288 13.22548 12.97973 13.75671 13.80384 13.61726 13.47918 13.26329 12.97699 12.94164 12.81479 12.86466
11.39288 11.97151 12.35836 11.82521 11.92822 12.17342 12.35315 13.81343 14.03205 13.83973 13.54493 13.86575 14.05479 14.05836 14.13973 14.14493 14.39233 14.32466 13.79151 14.01699 14.24603 14.40466 14.48521 14.48795 14.49041 14.59151 14.19397 14.07753 14.2537 14.20794 13.95644 14.5 14.38027 13.66794 14.00219 14.25808 14.12411 13.7874 14.03562 14.08877 14.18082 13.99671 13.88849 13.9874 13.85918 13.62904 13.33726 13.49479 12.93178 12.95041 13.09205 13.32411 13.49589 13.34767 13.48438 13.21918 13.10438 13.26521 13.48575 12.73397 13.19699 13.68384 13.84274 13.8926 13.81863 13.73918 13.74356 13.63397 13.01397 13.0063
11.10301 11.71534 11.98438 11.57534 11.43534 10.72356 10.88685 12.11534 13.59479 13.30712 13.99753 14.05507 14.23589 13.77699 13.93123 14.36055 14.46849 14.46438 13.98027 14.08849 13.97507 13.95534 14.11096 14.19671 14.10658 14.50329 14.60603 14.41507 14.3011 14.41233 14.54877 14.5 14.38027 13.66794 14.00219 14.25808 14.12411 13.7874 14.03562 14.17479 14.18301 13.27233 13.75562 13.4326 13.29616 13.16521 13.2537 13.32219 13.1937 13.35315 13.4011 13.25945 13.26 13.50932 13.05151 13.09397 13.20055 13.15425 12.89452 12.71425 13.22904 13.51562 13.55781 13.5263 13.26603 13.13507 13.55753 13.50438 12.85945 12.96877
11.19425 11.63973 11.90712 11.22795 10.64438 10.90027 11.0011 11.43781 13.29753 13.71973 13.36712 13.59342 13.83918 13.98877 14.2211 14.43205 14.42521 14.51589 14.22931 14.20055 14.06438 13.80849 13.65945 13.72795 13.78219 14.50274 14.61644 14.62082 14.4189 14.3737 14.59123 14.51096 14.4074 13.58575 14.08438 14.27288 14.29315 14.22247 14.16712 14.17479 14.18301 13.27233 13.75562 13.4326 13.29616 13.16521 13.56931 13.73589 13.60931 13.46356 13.37945 13.49178 13.37836 13.37808 12.95068 13.21288 13.43562 13.27425 12.8737 13.28575 13.2737 13.50329 13.58767 13.0411 12.90795 13.23096 13.28767 12.97507 12.1989 12.82712
11.9126 12.50932 12.7937 12.83041 12.30767 12.17726 11.66959 12.47589 13.88849 13.4937 12.87068 13.86411 13.76301 14.19315 14.44082 14.39945 14.08658 14.22274 14.46986 14.38438 14.33945 14.20658 14.02411 13.90274 13.78603 14.45973 14.64575 14.66219 14.63808 14.64247 14.61808 14.48658 14.35671 13.58603 13.69945 13.85014 14.15753 14.10027 13.90137 13.92904 14.11918 13.31945 13.55452 13.84685 13.68493 13.38548 13.56931 13.73589 13.60931 13.46356 13.37945 13.49178 13.37836 13.44219 13.27836 13.33781 13.41041 13.33041 13.24164 13.33781 13.50137 13.50247 13.18822 12.75452 12.57945 12.88904 13.07479 12.53589 12.02329 12.18466
11.87151 12.35288 12.86301 12.78548 13.4126 12.94027 13.00082 13.32603 13.78192 13.23945 13.19973 13.86932 14.17644 14.26137 14.28986 14.25589 13.99589 13.88603 14.63233 14.43726 14.42137 14.33123 14.24932 14.25863 14.27534 14.47479 14.58767 14.59616 14.57014 14.55507 14.51863 14.40959 14.21206 14.0526 13.09205 13.18603 13.72712 13.9474 13.53479 13.65123 13.84548 14.04521 13.48932 13.67123 13.70658 13.40356 13.85863 13.30219 13.40986 13.58301 13.48986 13.19397 13.40247 13.44219 13.27836 13.33781 13.41041 13.33041 13.24164 13.33781 13.53589 13.58055 13.41233 13.33589 13.0474 13.05562 13.14329 12.71014 12.17342 12.15178
12.53973 12.85507 13.16329 13.05534 12.71479 13.22959 13.51452 13.36685 13.73151 13.46603 13.89507 13.67288 14.17616 14.0137 14.10931 14.17206 14.20849 14.37781 14.56027 14.46959 14.39589 14.3389 14.32685 14.36849 14.41671 14.47151 14.4589 13.98822 14.18301 14.40822 14.40274 14.2389 13.90247 14.25863 13.21014 13.29753 13.73233 13.96658 13.74603 13.34384 12.94219 13.65014 13.55479 13.25041 13.52685 13.68082 13.63781 13.50493 12.79808 12.98082 13.44877 13.1189 13.24658 13.30521 13.21534 13.40027 13.26164 13.22137 13.32658 13.43699 13.53589 13.58055 13.41233 13.33589 13.0474 13.05562 13.08603 12.83288 12.4726 12.53233
12.80603 12.70932 12.91206 13.18356 12.8526 12.58493 13.31534 13.37863 13.4674 13.09808 13.78082 13.77233 14.21479 14.00795 14.29315 14.48219 14.51562 14.52931 14.56164 14.49014 14.37726 14.44137 14.40438 14.33425 14.36301 14.39726 14.17206 13.69288 13.57726 13.90767 14.15726 14.08767 14.02164 14.33206 14.09288 14.01315 14.00301 13.86685 13.45671 13.11644 12.57178 13.48027 13.70356 13.28575 12.92356 12.75644 13.15753 13.62301 13.53644 13.31562 13.36247 12.76466 13.0926 13.24384 13.23069 13.21918 13.41507 13.43123 13.39671 13.37452 13.48274 13.73288 13.51726 13.62137 13.2663 13.08384 13.08603 12.83288 12.4726 12.53233
