data/maps/tavg.txt
ncols         643
nrows         661
xllcorner     8515.9999992024
yllcorner     47670.999937602
cellsize      1000
NODATA_value  -9999
[rows 62 to 92 of 661, columns 210 to 279 of 643]
-9999 -9999 -9999 -9999 -9999 -9999 -9999 -9999 -9999 -9999 -9999 -9999 -9999 -9999 -9999 -9999 -9999 -9999 -9999 -9999 -9999 -9999 -9999 -9999 -9999 -9999 -9999 -9999 -9999 -9999 -9999 -9999 -9999 -9999 -9999 -9999 -9999 -9999 -9999 -9999 -9999 -9999 -9999 -9999 -9999 -9999 -9999 -9999 -9999 -9999 -9999 -9999 -9999 -9999 -9999 -9999 -9999 -9999 -9999 -9999 -9999 -9999 -9999 -9999 -9999 -9999 -9999 -9999 -9999 -9999
-9999 -9999 -9999 -9999 -9999 -9999 -9999 -9999 -9999 -9999 -9999 -9999 -9999 -9999 -9999 -9999 -9999 -9999 -9999 -9999 -9999 -9999 -9999 -9999 -9999 -9999 -9999 -9999 -9999 -9999 -9999 -9999 -9999 -9999 -9999 -9999 -9999 -9999 -9999 -9999 -9999 -9999 -9999 -9999 -9999 -9999 -9999 -9999 -9999 -9999 -9999 -9999 -9999 -9999 -9999 -9999 -9999 -9999 -9999 -9999 -9999 -9999 -9999 -9999 -9999 -9999 -9999 -9999 -9999 -9999
-9999 -9999 -9999 -9999 -9999 -9999 -9999 -9999 -9999 -9999 -9999 -9999 -9999 -9999 -9999 -9999 -9999 -9999 -9999 -9999 -9999 -9999 -9999 -9999 -9999 -9999 -9999 -9999 -9999 -9999 -9999 -9999 -9999 -9999 -9999 -9999 -9999 -9999 -9999 -9999 -9999 -9999 -9999 -9999 -9999 -9999 -9999 -9999 -9999 -9999 -9999 -9999 -9999 -9999 -9999 -9999 -9999 -9999 -9999 -9999 -9999 -9999 -9999 -9999 -9999 -9999 -9999 -9999 -9999 -9999
-9999 -9999 -9999 -9999 -9999 -9999 -9999 -9999 -9999 -9999 -9999 -9999 -9999 -9999 -9999 -9999 -9999 -9999 -9999 -9999 -9999 -9999 -9999 -9999 -9999 -9999 -9999 -9999 -9999 -9999 -9999 -9999 -9999 -9999 -9999 -9999 -9999 -9999 -9999 -9999 -9999 -9999 -9999 -9999 -9999 -9999 -9999 -9999 -9999 -9999 -9999 -9999 -9999 -9999 -9999 -9999 -9999 -9999 -9999 -9999 -9999 -9999 -9999 -9999 -9999 -9999 -9999 -9999 -9999 -9999
-9999 -9999 -9999 -9999 -9999 -9999 -9999 -9999 -9999 -9999 -9999 -9999 -9999 -9999 -9999 -9999 -9999 -9999 -9999 -9999 -9999 -9999 -9999 -9999 -9999 -9999 -9999 -9999 -9999 -9999 -9999 -9999 -9999 -9999 -9999 -9999 -9999 -9999 -9999 -9999 -9999 -9999 -9999 -9999 -9999 -9999 -9999 -9999 -9999 -9999 -9999 -9999 -9999 -9999 -9999 -9999 -9999 -9999 -9999 -9999 -9999 -9999 -9999 -9999 -9999 -9999 -9999 -9999 -9999 -9999
-9999 -9999 -9999 -9999 -9999 -9999 -9999 -9999 -9999 -9999 -9999 -9999 -9999 -9999 -9999 -9999 -9999 -9999 -9999 -9999 -9999 -9999 -9999 -9999 -9999 -9999 -9999 -9999 -9999 -9999 -9999 -9999 -9999 -9999 -9999 -9999 -9999 -9999 -9999 -9999 -9999 -9999 -9999 -9999 -9999 -9999 -9999 -9999 -9999 -9999 -9999 -9999 -9999 -9999 -9999 -9999 -9999 -9999 -9999 -9999 -9999 -9999 -9999 -9999 -9999 -9999 -9999 -9999 -9999 -9999
-9999 -9999 -9999 -9999 -9999 -9999 -9999 -9999 -9999 -9999 -9999 -9999 -9999 -9999 -9999 -9999 -9999 -9999 -9999 -9999 -9999 -9999 -9999 -9999 -9999 -9999 -9999 -9999 -9999 -9999 -9999 -9999 -9999 -9999 -9999 -9999 -9999 -9999 -9999 -9999 -9999 -9999 -9999 -9999 -9999 -9999 -9999 -9999 -9999 -9999 -9999 -9999 -9999 -9999 -9999 -9999 -9999 -9999 -9999 -9999 -9999 -9999 -9999 -9999 -9999 -9999 -9999 -9999 -9999 -9999
-9999 -9999 -9999 -9999 -9999 -9999 -9999 -9999 -9999 -9999 -9999 -9999 -9999 -9999 -9999 -9999 -9999 -9999 -9999 -9999 -9999 -9999 -9999 -9999 -9999 -9999 -9999 -9999 -9999 -9999 -9999 -9999 -9999 -9999 -9999 -9999 -9999 -9999 -9999 -9999 -9999 -9999 -9999 -9999 -9999 -9999 -9999 -9999 -9999 -9999 -9999 -9999 -9999 -9999 -9999 -9999 -9999 -9999 -9999 -9999 -9999 -9999 -9999 -9999 -9999 -9999 -9999 -9999 -9999 -9999
-9999 -9999 -9999 -9999 -9999 -9999 -9999 -9999 -9999 -9999 -9999 -9999 -9999 -9999 -9999 -9999 -9999 -9999 -9999 -9999 -9999 -9999 -9999 -9999 -9999 -9999 -9999 -9999 -9999 -9999 -9999 -9999 -9999 -9999 -9999 -9999 -9999 -9999 -9999 -9999 -9999 -9999 -9999 -9999 -9999 -9999 -9999 -9999 -9999 -9999 -9999 -9999 -9999 -9999 -9999 -9999 -9999 -9999 -9999 -9999 -9999 -9999 -9999 -9999 -9999 -9999 -9999 -9999 -9999 -9999
-9999 -9999 -9999 -9999 -9999 -9999 -9999 -9999 -9999 -9999 -9999 -9999 -9999 -9999 -9999 -9999 -9999 -9999 -9999 -9999 -9999 -9999 -9999 -9999 -9999 -9999 -9999 -9999 -9999 -9999 -9999 -9999 -9999 -9999 -9999 -9999 -9999 -9999 -9999 -9999 -9999 -9999 -9999 -9999 -9999 -9999 -9999 -9999 -9999 11.42521 11.47205 -9999 -9999 -9999 -9999 -9999 -9999 -9999 -9999 -9999 -9999 -9999 -9999 -9999 -9999 -9999 -9999 -9999 -9999 -9999
-9999 -9999 -9999 -9999 -9999 -9999 -9999 -9999 -9999 -9999 -9999 -9999 -9999 -9999 -9999 -9999 -9999 -9999 -9999 -9999 -9999 -9999 -9999 -9999 -9999 -9999 -9999 -9999 -9999 -9999 -9999 -9999 -9999 -9999 11.07616 10.82356 -9999 -9999 -9999 -9999 -9999 -9999 -9999 -9999 -9999 11.04247 11.3274 11.32055 10.62329 11.31507 11.26384 11.23808 -9999 -9999 -9999 -9999 -9999 -9999 -9999 -9999 -9999 -9999 -9999 -9999 -9999 -9999 -9999 -9999 -9999 -9999
-9999 -9999 -9999 -9999 -9999 -9999 -9999 -9999 -9999 -9999 -9999 -9999 -9999 -9999 -9999 -9999 11.46849 11.47397 11.50795 -9999 -9999 -9999 -9999 -9999 -9999 -9999 -9999 -9999 -9999 -9999 -9999 -9999 11.02137 10.97836 10.8526 10.61205 10.4537 10.46959 10.06082 10.96219 11.25507 11.34931 11.23479 11.29945 11.22767 11.21233 10.75753 10.59918 9.947124 11.04521 10.66986 10.60795 11.02986 -9999 -9999 10.78521 10.73562 10.56575 10.18959 10.28301 9.98137 9.173425 8.860548 9.232328 9.858904 -9999 -9999 -9999 -9999 -9999
-9999 -9999 11.6463 11.58055 11.49671 11.40411 11.32904 11.32329 -9999 -9999 -9999 -9999 -9999 -9999 -9999 -9999 11.46849 11.47397 11.50795 -9999 -9999 -9999 -9999 -9999 -9999 -9999 -9999 -9999 -9999 -9999 -9999 -9999 11.02137 10.97836 10.3011 10.25288 10.37836 10.4874 10.06931 10.91041 11.23836 11.09479 10.42274 10.45945 10.26822 10.42493 10.73425 10.26027 9.889041 10.84575 10.23069 9.993151 10.38247 11.36932 11.04986 10.89973 10.89973 10.77973 10.5126 10.05753 8.493424 8.544384 8.921918 9.257534 9.409041 9.566028 10.15973 10.45507 -9999 -9999
11.78384 11.75562 11.65918 11.64384 11.50164 11.55918 11.62055 11.49014 11.4063 11.38548 11.1863 11.50466 11.61014 11.46 11.69534 11.66932 11.71616 11.79151 11.7211 11.52767 11.69069 -9999 -9999 -9999 -9999 -9999 -9999 -9999 -9999 -9999 11.44712 11.16904 10.59123 10.48959 10.3011 10.25288 10.37836 10.4874 10.06931 10.91041 11.23836 11.09479 10.42274 10.45945 10.26822 10.42493 10.73425 10.26027 9.889041 10.43671 10.45808 10.26027 10.48411 11.26767 11.7211 10.85918 10.47671 10.09178 10.07753 10.11014 8.927398 8.312328 8.660548 9.129315 9.266576 9.145479 9.27315 10.14575 10.72849 10.70164
11.85781 11.79781 11.65507 11.64575 11.53973 11.62603 11.70932 11.61973 11.30082 11.22986 11.04055 11.18521 11.21781 11.62849 11.70082 11.73123 11.59836 11.65096 11.49342 11.10931 11.02931 11.40767 11.52849 11.10274 -9999 -9999 -9999 -9999 -9999 10.9726 11.04986 11.01836 9.764383 9.939726 10.07534 10.05589 9.967671 9.716165 9.79726 11.15397 11.1 10.60247 10.21425 10.15671 9.633698 10.08932 10.07726 9.62822 9.846301 10.43671 10.45808 10.26027 10.48411 11.26767 11.7211 10.85918 10.47671 10.09178 10.07753 10.11014 8.927398 8.968767 8.989315 9.118356 9.416164 9.883014 10.08712 10.29781 10.78411 10.53479
11.91808 11.84904 11.75808 11.70137 11.6537 11.6989 11.72356 11.68904 11.66384 11.1137 11.36548 11.6863 11.68712 11.69836 11.67589 11.72466 11.37068 11.33753 10.79068 10.83096 11.38986 11.60192 11.68192 11.41945 11.23014 -9999 -9999 -9999 10.72384 10.5674 10.69288 10.72219 9.583562 9.8 9.893699 9.607671 9.246575 9.205206 10.13425 11.13699 11.13397 10.67671 10.20548 10.02575 9.286027 9.559178 9.212055 9.151506 9.765479 9.50274 9.91726 9.796712 10.23945 10.92438 11.48575 10.69069 10.27753 9.855068 9.638356 9.571233 9.960822 8.968767 8.989315 9.118356 9.416164 9.883014 10.08712 10.29781 10.78411 10.53479
11.97014 11.91452 11.85425 11.76466 11.7726 11.71288 11.64795 11.63205 11.63863 11.40466 11.59973 11.60712 11.59288 11.66521 11.66137 11.54055 11.29808 11.03836 10.94795 11.17836 11.48959 11.24822 11.60849 11.80466 11.73096 10.63178 10.5663 10.84795 11.01918 11.05014 10.92082 10.65014 10.14356 10.16685 9.610411 8.987946 9.040274 9.808219 10.70959 10.89069 10.90082 10.6263 10.28 10.45671 9.77589 8.944657 8.910137 9.095616 9.313699 8.91452 9.58 9.967398 10.39644 11.15452 11.08493 10.56384 10.00712 9.812603 9.553972 9.439726 10.44904 9.919726 9.593151 8.850685 8.433972 8.748219 9.483562 10.6474 10.88849 10.3074
12.02493 11.97616 11.89616 11.87644 11.8063 11.74137 11.66822 11.66438 11.77781 11.7663 11.7063 11.29342 11.37836 11.69151 11.49041 11.34137 11.21452 10.85452 11.04247 11.43288 11.56137 11.56493 11.77507 11.87397 11.7989 11.56192 11.12493 11.45096 11.49123 11.41562 11.37178 11.29342 10.95205 10.50986 9.787671 9.570959 9.753425 9.527946 10.59041 10.31808 10.51726 10.65233 10.92466 10.80301 10.38356 9.830137 8.983835 9.33726 9.93315 10.04164 10.17151 10.37206 10.7274 11.14767 11.07151 10.54548 10.22493 9.924383 9.892055 10.07589 10.59014 10.5611 10.01288 8.92548 8.550411 8.836164 8.891781 10.08658 10.71151 10.72411
12.05315 11.94712 11.70685 11.84247 11.88959 11.83863 11.78986 11.78904 11.8011 11.66411 11.44904 11.08219 11.38082 11.75616 11.6989 11.4411 11.12438 11.23069 11.62411 11.57562 11.63507 11.87699 11.89726 11.85151 11.70986 11.45507 11.14712 11.05425 11.17233 11.20959 11.14055 11.09178 11.09616 10.87616 10.27808 10.16794 10.41068 10.04329 9.717534 10.10192 10.24247 10.34055 10.55699 10.14767 9.526028 9.148767 9.70548 10.36301 10.62164 10.67671 10.85507 10.62027 10.97616 11.37479 10.88548 10.68712 10.58 9.889315 9.952602 10.29808 10.71288 10.68082 9.663836 9.238082 9.251233 9.160274 8.892329 10.06959 10.83945 10.72767
12.00904 11.95973 11.74712 11.77808 11.91863 11.89562 11.80849 11.73534 11.81863 11.59151 11.01014 11.01205 11.44685 11.78301 11.68767 11.5411 11.46082 11.68329 11.93014 11.86658 11.87616 11.94521 11.89973 11.82849 11.67342 10.82849 10.77014 10.06137 10.29973 10.53808 10.57589 10.61507 10.36438 10.10931 10.14247 10.17973 10.33452 10.65452 9.874247 10.16055 10.3126 10.27178 10.09945 10.12082 9.846576 8.595616 9.743835 10.18548 10.38685 10.7011 11.12548 11.27589 11.2926 11.35781 10.73589 10.68027 10.68931 9.844932 9.845479 10.40521 11.0674 10.65534 9.841918 9.493151 9.784931 9.701918 9.122191 10.3589 11.02466 10.25781
11.93644 11.9937 11.96082 11.96712 12.02438 12 11.76438 11.57808 11.85233 11.74356 11.09671 11.23863 11.5937 11.83425 11.78932 11.7737 11.87068 11.92712 11.71014 11.76795 12.00274 11.92301 11.66822 11.68082 11.56466 10.19945 10.06767 9.522739 9.557534 9.525479 9.431781 9.50274 9.301643 10.09507 10.63644 10.77589 10.78164 10.81096 10.34356 9.962192 10.32767 10.61288 10.3063 9.864657 9.327124 8.76685 9.206302 9.557808 9.554521 9.923836 10.7926 11.35753 11.16164 11.33123 11.47562 11.37178 10.88219 9.913424 10.02137 10.71507 10.72493 10.61041 9.667123 9.524657 10.05507 10.25973 9.880548 10.74658 11.0389 10.56466
11.93644 11.9937 11.96082 11.96712 12.02438 12 11.76438 11.57808 11.85233 11.84822 11.44822 11.44986 11.76301 11.77507 11.6137 11.70247 11.69096 11.71342 11.2674 11.28 11.96164 11.72685 11.14247 11.23534 11.40904 10.21616 9.802465 9.316986 9.107123 8.71863 8.450959 8.566575 9.442739 10.0537 10.21315 10.33562 10.51397 10.69699 10.88027 10.07178 10.44959 10.68219 10.42438 10.08 10.13699 9.951507 8.929863 9.541918 10.2389 10.63041 11.06712 10.56959 10.92904 11.00795 10.87096 11.72466 10.5263 9.722466 10.04 10.86849 10.38822 9.776986 9.572877 9.906575 10.30356 10.62521 10.80274 10.70027 10.90055 10.66274
11.81534 11.94247 12.04055 12.04932 12.07205 11.88521 11.64795 11.59973 11.77315 11.84822 11.44822 11.44986 11.76301 11.77507 11.6137 11.70247 11.69096 11.71342 11.2674 11.28 11.96164 11.72685 11.14247 11.23534 11.40904 10.21616 9.802465 9.316986 9.107123 8.71863 8.450959 8.566575 10.04849 10.42986 10.26055 10.26466 10.47671 10.68055 10.79315 10.72 10.67425 10.76384 10.67151 10.21068 9.893425 9.507398 8.525479 8.605479 8.863288 9.289042 10.10658 10.30986 10.43288 10.51233 10.81781 11.67973 11.08493 10.34931 10.7063 11.23452 10.33315 9.822466 9.920822 10.38712 10.50411 10.62767 10.94411 10.68685 10.91233 10.84055
11.69123 12.02548 12.03726 11.9989 12.08055 12.01863 11.89589 11.72657 11.55616 11.59123 10.82 11.3411 11.57342 11.53699 11.18384 11.13507 11.49397 11.33699 11.05726 11.18931 11.88767 11.26438 10.43781 10.6926 11.0726 10.52274 10.46658 9.938356 9.425754 8.617808 8.480548 9.11726 10.04849 10.42986 10.26055 10.26466 10.47671 10.68055 10.79315 10.72 10.67425 10.76384 10.67151 10.21068 9.893425 9.507398 8.525479 8.605479 9.692603 9.82411 10.49315 9.828219 9.834247 10.00767 10.59479 11.27425 11.94959 11.48192 11.35014 11.09233 10.32932 10.43671 10.57151 10.52055 10.8526 11.10301 11.1537 10.64657 10.28767 10.4
11.79671 12.01699 12.10384 12.05425 12.10877 12.12521 11.97863 11.74493 11.56795 11.39808 11.14356 11.49014 11.42082 11.20356 10.84685 10.9937 11.01781 11.01562 10.9726 11.34466 11.76959 10.90822 10.19425 10.69562 11.02027 9.907397 9.803561 10.06767 9.547945 8.844383 8.904384 9.602466 10.30082 10.37808 10.3874 10.30493 10.40466 10.58438 10.43014 10.98082 11.12767 10.91397 10.73507 10.68548 10.05452 10.16603 9.029041 9.083562 9.692603 9.82411 10.49315 9.828219 9.834247 10.00767 10.59479 11.27425 11.94959 11.48192 11.35014 11.09233 10.30219 10.43589 10.96767 11.03863 11.15781 11.16274 11.05151 10.84027 9.87726 9.93863
11.44822 11.94849 12.08767 12.10384 12.08192 12.12219 12.15808 12.14877 12.08356 11.94027 11.16932 11.16822 11.36082 11.08575 10.82932 10.55699 10.87699 11.07726 11.45945 11.62301 11.34575 10.7526 10.32548 10.85616 10.83151 9.375616 8.596165 9.285753 9.18959 9.017808 9.221918 9.527671 10.17726 10.31288 10.63425 10.46082 10.2063 10.27425 10.47507 10.69616 11.1737 11.18082 10.81041 10.41206 10.09178 10.64959 9.040548 9.150137 10.07699 10.78055 10.41808 9.247397 9.145205 9.367946 10.32932 11.16932 11.05534 12.03288 10.78712 10.26877 10.38055 10.43589 10.96767 11.03863 11.15781 11.16274 11.05151 10.84027 9.87726 9.93863
10.8474 11.3589 12.01288 12.12027 12.12329 12.12904 12.12822 12.12603 12.15397 12.20027 11.98192 11.74027 11.68603 11.56877 11.55973 11.33616 11.51178 11.32192 11.00301 11.43178 11.10247 11.01781 10.79068 11.08877 10.95041 9.700274 8.948219 9.204658 9.724932 9.699178 9.865753 9.895343 10.08575 10.61616 10.81069 10.58055 10.09863 9.887123 10.42164 11.01452 11.36164 11.32411 10.97644 10.59397 10.39233 10.79781 9.647397 9.78 10.53836 10.94192 10.00164 9.20137 8.739452 8.918356 9.959452 10.85205 11.54082 11.66384 11.04932 10.04164 9.798356 10.66932 11.36493 11.54301 11.11671 10.98027 10.88767 10.52521 9.516165 9.645479
10.07753 10.96959 11.84904 12.06822 12.1211 12.13123 12.13644 12.16384 12.20904 12.22301 12.14247 12.10767 11.97233 11.88356 11.87863 11.76329 11.65096 11.20712 11.28548 11.46 10.82 10.3474 10.48658 11.04795 10.89699 9.615891 9.053972 9.632054 10.27479 10.26247 10.37945 10.54767 10.52247 10.63562 10.70822 10.72027 10.39808 10.12301 10.41206 11.21068 11.57534 11.57671 11.27562 10.82932 10.44192 10.73479 10.36356 10.38603 10.94 10.95507 10.05425 8.878356 8.590685 9.326575 10.41644 10.70794 11.08274 11.77014 11.62959 10.3674 10.02877 11.78575 11.76274 11.67808 11.44575 10.91644 10.58329 10.47014 9.770959 10.30164
10.44192 10.97178 11.76164 11.98493 12.13205 12.13479 12.14931 12.21096 12.26986 12.19233 12.23315 11.62137 11.12 11.13534 11.43151 11.27343 11.25699 11.11836 11.27315 11.3263 10.64959 10.36849 10.52329 10.85096 10.53616 9.849589 8.995891 9.375891 10.24274 10.4926 10.49342 10.34603 10.46219 10.76904 11.07041 11.25123 11.12658 10.98137 10.99205 10.56274 11.62685 11.56329 11.15616 10.76329 10.59479 11.06301 10.6326 11.1211 11.3211 10.81726 9.878082 8.804932 7.975616 8.713425 10.50548 11.1389 11.12192 11.16849 11.46932 11.11616 10.83123 11.51781 11.25507 10.92658 10.44521 10.14959 10.35315 10.67014 10.1789 10.43616
10.79836 10.95973 11.68575 12.03397 12.14247 12.11014 12.1463 12.20849 12.20219 12.12219 12.28986 11.50219 10.89671 10.55342 10.43288 10.44356 10.89123 11.1526 11.54521 11.40493 11.16548 11.01452 10.86384 10.81671 10.40137 9.172603 9.503287 10.18438 10.01699 9.82548 9.935343 9.834794 10.36219 10.24712 10.69589 11.29863 11.3663 11.37644 11.67507 11.42931 11.78685 11.62575 11.23918 10.85945 10.76959 11.60411 10.80685 11.52356 11.48575 10.75315 9.84411 9.170137 8.417534 8.34137 9.609041 10.22959 10.57452 11.16329 11.48986 10.99288 10.56438 11.56767 10.77863 10.99096 11.04877 10.97041 10.95123 11.12658 10.90493 11.12055
11.31425 11.56931 11.86877 12.07151 12.1389 12.10685 12.15808 12.20794 12.19342 12.17288 12.23863 11.31343 10.83342 10.51479 10.19233 10.04329 10.67863 10.76904 11.34055 11.02274 10.68877 10.17096 10.49342 10.76055 10.38959 9.192603 8.97863 9.264932 9.464383 9.587123 9.29178 9.118356 9.318082 10.06466 10.43781 10.29918 10.17507 10.35781 10.95753 11.82027 12.1011 12.01699 11.47945 10.94 11.05068 11.71425 11.16603 11.83151 11.53479 10.87671 10.45836 10.12466 9.63589 8.808767 9.210137 9.31589 10.00438 10.95644 11.95836 10.79562 10.63178 11.30822 10.82959 11.1663 11.02247 11.41425 11.68986 11.61233 10.76027 11.0726
