data/maps/tavg.txt
ncols         643
nrows         661
xllcorner     8515.9999992024
yllcorner     47670.999937602
cellsize      1000
NODATA_value  -9999
[rows 372 to 402 of 661, columns 210 to 279 of 643]
12.78082 13.16082 13.12849 12.71671 12.39589 12.46658 12.49562 12.79671 12.98 13.26658 13.28438 13.19151 13.68 13.64822 13.53151 12.50137 12.9611 12.75288 12.64904 12.26877 11.51178 10.76849 11.44932 10.9463 10.34164 10.42329 11.22795 11.90877 12.16794 12.27616 11.94164 10.75808 9.873698 9.729589 9.592603 9.060822 8.694246 9.076164 10.26027 9.667945 9.992602 10.40904 10.70959 11.53616 12.51123 12.5126 11.9789 12.56356 13.08877 13.29315 12.81945 12.64767 13.37836 14.03479 14.02164 14.27534 14.40192 14.22712 13.66411 12.83315 13.33781 12.52137 13.55726 13.71726 13.77096 13.52795 13.11014 12.9137 13.24438 13.87836
13.22247 13.33945 13.23945 12.43178 12.67397 12.92274 12.44301 12.66658 13.01726 13.18082 12.97808 13.26055 13.65041 13.38438 13.30027 13.35781 13.04082 12.59863 12.45014 12.58247 12.48932 11.88137 10.37206 9.999178 9.100548 9.952329 11.36959 12.15753 12.24658 12.14055 11.65479 10.03781 10.21753 9.941644 9.585753 8.875342 8.501918 9.65589 10.71753 9.373425 8.76137 9.804932 10.59342 11.75507 12.16794 11.33342 10.62849 11.55288 12.4263 13.05205 13.3274 13.39288 13.58082 13.99973 14.06767 14.31836 14.28356 14.22 13.62137 12.7663 13.14521 12.30329 13.68795 13.84959 13.36658 13.24575 12.49699 12.44438 12.94795 12.41041
13.4263 13.25151 13.29452 12.57753 12.83096 13.15342 12.93233 12.99781 13.12082 13.24712 12.96466 13.06986 13.39753 12.88521 13.21233 12.82411 12.84219 12.80192 12.04301 12.25014 12.95562 12.85671 11.02712 11.20575 9.938356 10.45123 11.50603 11.82411 11.81836 11.62575 9.922192 10.13534 10.74849 10.25342 9.491233 9.381918 9.80274 10.36192 11.14849 10.36356 8.956438 10.01726 10.75918 11.26521 11.05041 9.945206 9.193151 10.93041 11.42274 11.90795 12.54712 12.84712 13.4811 13.77315 14.20849 14.47041 13.90137 13.59507 13.66411 13.53315 12.32521 13.05151 13.87342 13.12192 11.93644 11.76329 11.66 11.65452 11.58877 11.56274
13.12192 12.70767 12.81343 12.48164 13.06164 13.0989 12.85616 12.9863 12.73041 13.03973 12.92082 13.20603 13.22849 12.44 13.14931 13.21233 13.37534 13.25342 13.08794 13.40247 13.75151 13.60603 11.81671 11.59452 11.32658 11.26986 11.12192 10.84137 11.08219 11.53562 10.85671 11.8526 10.56904 10.51945 10.35452 10.68603 11.34931 11.49178 11.15726 11.81671 10.92027 11.28767 11.34247 11.02603 10.19315 9.187945 9.311233 9.551781 10.53808 11.38384 12.08 12.86575 13.70904 14.03178 14.19945 14.47808 13.66219 12.8337 13.31178 13.11315 12.18 13.26822 13.34822 12.10822 11.38301 11.23753 10.93562 10.81151 11.49233 12.60986
13.12192 12.70767 12.81343 12.99151 12.89425 12.93178 13.03726 12.67753 12.56274 12.67233 12.88192 13.44055 12.95781 12.77945 13.57288 13.7589 13.70932 13.70219 13.84603 13.94027 13.83973 13.50329 11.90027 11.81452 11.78027 11.70603 10.59452 10.66493 11.40493 11.67507 12.03151 11.69753 11.93671 11.17151 11.00767 11.67836 11.16247 9.928767 11.22137 11.7063 12.53425 11.87342 11.07151 10.91397 11.10466 10.46192 9.808219 10.17808 10.33918 11.96027 12.83342 13.50877 13.74548 13.57836 14.39123 13.68548 13.52712 12.62712 12.37836 12.09123 12.13918 12.87178 12.45178 12.03397 11.36411 10.5 10.30959 10.96986 12.25233 13.4063
13.20192 13.22466 13.12986 12.99151 12.89425 12.93178 13.03726 12.67753 12.56274 12.67233 12.88192 13.44055 12.95781 12.77945 13.57288 13.7589 13.70932 13.70219 13.84603 13.94027 13.83973 13.50329 11.90027 11.81452 11.78027 11.70603 10.59452 10.66493 11.40493 11.67507 12.25973 12.08932 12.40055 11.98301 12.11671 12.15945 11.71507 11.20384 10.97808 11.61041 12.72521 12.06055 11.0526 11.01452 11.68384 11.55644 11.34877 11.45753 10.83753 12.35397 12.90082 14.24082 14.31343 14.17671 14.40877 13.07014 13.93425 13.55781 12.26384 12.33836 12.84164 11.82356 12.01808 12.80877 11.45726 11.45562 12.11562 12.42795 12.96658 13.88384
13.25315 13.74137 13.76055 13.03205 12.44027 12.61781 12.86192 12.51397 12.41945 12.37973 13.13096 13.66055 13.07616 13.30384 13.7326 13.80438 13.84329 13.83616 13.90849 13.91589 13.76986 13.56493 12.60329 11.50959 11.66712 11.96849 10.88849 11.07425 11.49041 11.43863 12.25973 12.08932 12.40055 11.98301 12.11671 12.15945 11.71507 11.20384 10.97808 11.61041 12.72521 12.06055 11.0526 11.01452 11.68384 11.55644 11.34877 11.45753 12.18082 12.50384 13.0674 14.51808 14.68548 14.57836 14.18822 13.66247 14.26986 13.8863 13.15945 13.14438 12.83616 11.90274 11.84822 12.66658 12.82712 13.03945 13.35151 13.10466 13.28603 13.73315
13.60137 13.87151 13.95397 12.66466 12.03233 12.10986 12.35973 11.91123 11.73069 12.68438 13.5926 13.76575 13.64192 13.71726 13.9326 13.91562 13.93534 13.89699 13.91178 13.8537 13.70301 13.50466 12.44658 11.56438 11.89836 12.07014 11.20603 11.67699 12.17014 12.07589 12.58301 12.50219 12.71726 12.58329 12.16767 11.91288 11.73918 11.66575 11.95507 12.21151 13.07644 12.47781 11.63589 12.00384 12.36192 11.70822 11.69479 12.78904 12.18082 12.50384 13.0674 14.51808 14.68548 14.57836 14.18822 13.66247 14.26986 13.8863 13.15945 13.14438 12.83616 12.00822 12.31753 12.80329 13.29041 12.94932 13.36329 12.44 12.20959 12.75562
13.94767 13.95589 13.81918 12.86849 12.4389 12.3526 12.49562 12.31288 11.68877 13.11808 13.79671 13.85069 13.9389 13.97507 13.97205 13.90027 13.85781 13.81397 13.87589 13.73863 13.53534 13.24137 11.82438 11.71068 12.36685 12.44932 12.34 12.58986 12.40274 12.2326 12.72575 12.49836 12.80493 12.2589 12.00548 11.44932 11.51562 12.35014 12.74521 12.7 13.60548 13.11836 11.56849 12.46685 12.76795 12.37671 13.30466 13.78877 13.40137 12.92575 13.65069 14.59178 14.69836 14.75836 14.44932 14.12356 14.35753 13.13123 13.73397 13.30411 12.94986 12.00822 12.31753 12.80329 13.29041 12.94932 13.36329 12.44 12.20959 12.75562
13.36438 13.51178 13.30712 12.86658 12.6663 12.53178 12.72959 12.6263 12.53836 13.5874 13.90027 14.00712 14.08356 14.00082 13.82164 13.76795 13.81863 13.20685 13.54767 13.68521 13.53315 13.07452 11.03342 11.32247 11.67425 12.03507 12.49096 12.67836 12.45315 12.45479 12.94822 12.83507 12.24658 12.13945 11.61753 11.2726 11.59205 12.33425 12.92849 13.29781 13.55863 12.9337 12.37479 13.15233 13.41726 13.28082 13.96247 14.17644 13.4263 12.70247 13.92685 14.80548 14.82877 14.79753 14.52493 14.29589 14.3063 13.89069 13.87096 13.43836 13.52356 12.54027 12.32356 12.95014 12.95753 12.68466 13.36548 12.57781 11.60931 11.45836
13.29479 13.69288 13.59562 12.71781 12.7126 12.61562 12.64767 12.47589 13.65123 13.57616 13.79206 13.88931 14.12548 13.98795 13.87507 13.87616 13.86795 12.87836 13.50986 13.75452 13.62219 13.12301 11.73616 11.2674 12.07205 11.98438 12.35671 12.49507 12.51863 12.68329 12.80055 12.70849 12.93205 12.32548 11.96466 12.00411 12.28493 12.41726 12.47397 12.89753 12.84027 13.77616 13.78849 14.02055 14.07562 14.24658 14.61397 14.57945 14.32904 14.34274 14.62301 14.78493 14.77452 14.60548 14.24877 13.9789 14.26055 14.39589 13.82219 13.60356 13.81644 12.50822 12.15836 12.45562 11.91151 12.27205 13.29671 12.72849 11.62932 11.5337
13.79973 13.43726 13.26521 12.73425 13.05041 12.72301 12.66329 13.32384 14.09973 13.81014 13.88712 13.62301 13.84164 14.02137 14.0263 13.99397 13.77233 13.52055 13.94329 13.90137 13.66849 13.37479 11.91836 10.91534 12.23452 12.86904 12.51068 12.22986 12.01178 12.09836 12.53233 12.95808 13.1737 12.56137 12.65205 12.72849 12.92767 13.08904 13.02301 12.96658 12.75068 13.36767 13.98767 14.15123 14.20219 14.31808 14.60356 14.75425 14.76795 14.7926 14.78658 14.74493 14.74027 14.39616 13.91671 14.13151 14.4463 13.66466 14.24164 14.2737 13.6937 12.88329 12.55397 13.0126 12.66247 12.56247 12.82164 13.09589 12.55918 12.12301
13.45726 13.04466 12.3926 12.74356 13.37233 13.07836 12.87041 13.79479 14.04548 13.55397 13.8989 13.70822 13.86712 14.07178 14.04356 13.95781 13.68904 13.97534 14.05123 13.91507 13.82411 13.59616 12.09808 11.59616 12.43452 13.0526 13.03068 12.49288 12.31096 12.57233 12.88438 13.10055 12.6926 12.53014 12.5211 12.6874 12.92685 13.14438 13.24932 13.14904 12.92795 13.28384 13.40192 13.71342 14.05397 14.25233 14.39425 14.73671 14.83425 14.81836 14.76137 14.46301 14.64137 14.62329 14.77205 14.5874 13.93836 14.0811 14.42247 14.55945 14.37863 12.81534 12.85616 13.87507 13.81753 13.25315 12.46356 12.71452 12.62329 12.16
13.35041 12.71589 12.11562 13.32849 13.31178 13.22466 13.67041 13.95699 13.42493 13.94082 13.98329 13.94438 14.14055 14.12411 14.10493 14.03342 13.92027 14.01534 14.02493 13.98712 13.89507 13.68548 12.62384 12.40137 12.45945 12.76164 13.53616 13.25068 13.0863 13.31589 13.61671 13.73918 12.88192 12.77616 12.28603 12.12548 12.47205 12.95781 13.18 13.06411 12.7989 12.77205 12.76356 13.35918 13.63644 13.66164 13.98795 14.58356 14.73918 14.75068 14.66849 14.29671 14.48685 14.56 14.51671 14.52521 14.71973 14.28767 14.46438 14.44658 14.00767 13.7737 13.3726 13.81589 14.26931 13.90658 12.83644 12.9811 13.00082 12.6537
14.01616 13.2863 12.83945 13.62712 13.38055 13.45973 14.08685 14.02438 14.06603 13.83014 13.71425 13.95123 14.1211 14.05753 13.9937 14.05945 13.98767 13.84767 13.9863 13.91068 13.90247 13.80904 12.8811 12.7737 12.94493 13.49507 13.65151 13.6463 13.86411 13.90904 13.59616 13.36192 12.94055 12.69041 12.13123 12.02685 12.31041 12.84082 13.16493 13.01397 12.78247 12.10795 12.54959 12.71425 12.76795 13.1389 13.90055 14.54521 14.48274 14.04904 14.32986 14.26521 13.7611 13.75123 14.12767 14.67534 14.67753 14.30712 14.73397 14.61178 14.52082 14.47836 13.92301 14.36658 14.30274 14.17014 13.65534 13.7337 13.46137 12.89945
14.01616 13.2863 12.83945 13.62712 13.38055 13.45973 14.08685 14.02438 14.06603 13.83014 13.71425 13.95123 14.1211 14.05753 13.9937 14.05945 13.98767 13.84767 13.9863 13.91068 13.90247 13.80904 12.8811 12.7737 12.94493 13.49507 13.65151 13.6463 13.2863 13.13616 13.17178 13.04575 12.58575 12.12603 12.77918 12.9063 12.99836 13.20301 13.19781 12.85808 12.59068 12.08137 12.28082 12.64219 12.98411 13.69644 14.36274 14.29644 13.76904 13.91699 14.37425 14.41425 13.62164 13.73808 14.28521 14.68411 14.81397 14.71288 14.81315 14.57616 14.68822 14.67315 13.96192 13.98575 13.73753 13.53178 13.43781 13.77014 13.51534 13.19507
14.15507 13.51781 13.48219 13.46877 13.85973 14.06904 14.11644 14.0063 13.93014 13.54904 13.59041 13.79068 13.98603 13.98767 13.90329 13.9274 13.97973 13.76301 13.60192 13.83178 13.82466 13.70493 13.45507 13.61288 14.03699 14.16027 14.05068 13.80384 13.2863 13.13616 13.17178 13.04575 12.58575 12.12603 12.77918 12.9063 12.99836 13.20301 13.19781 12.85808 12.59068 12.08137 12.28082 12.64219 12.98411 13.69644 14.04 13.71479 13.52301 14.29507 14.51644 14.42356 14.2663 14.39479 14.55041 14.63973 14.82794 14.7411 14.79507 14.80795 14.83507 14.64575 14.24356 13.97151 13.63151 13.50685 13.6863 13.82822 13.44438 13.34411
13.85205 12.36192 13.2526 13.1 13.60658 13.92767 14.07014 13.92521 13.86301 13.60274 13.0926 13.25863 13.67781 13.96658 13.89288 13.9011 13.76767 13.76493 13.50137 13.82247 13.56301 13.3926 13.58137 13.84247 14.25178 14.02603 13.64082 12.90055 12.38904 12.41425 12.79671 13.08575 12.66575 12.86411 13.0674 13.15562 13.23233 13.1137 12.82438 12.41206 11.90466 11.92301 13.07315 13.63781 13.77233 13.95205 14.04 13.71479 13.52301 14.29507 14.51644 14.42356 14.2663 14.39479 14.55041 14.63973 14.82794 14.7411 14.79507 14.80795 14.75863 14.58164 14.48603 14.13671 13.67973 13.51507 13.74767 13.9811 13.6589 13.64329
13.59507 12.66329 12.80438 13.46192 13.66301 13.87726 13.9 13.68521 13.76411 13.81507 13.08877 12.68548 13.26082 13.86411 13.73863 13.7263 13.48027 13.68329 13.46493 13.80877 13.27863 13.22657 13.7737 14.10795 13.85836 13.80301 13.14082 12.46192 12.55699 12.82356 12.85096 12.73836 12.53123 12.5674 12.52685 12.90301 13.03479 12.92027 12.73233 12.63178 12.71479 12.97699 13.20356 13.27726 13.2737 13.32466 13.49096 13.60877 13.62301 13.82438 14.24603 14.41452 14.7126 14.74466 14.73452 14.76055 14.73288 14.42164 14.64027 14.55753 14.75863 14.58164 14.48603 14.13671 13.67973 13.51507 13.74767 13.9811 13.6589 13.64329
13.00055 13.94795 12.4337 14.0189 14.01205 13.82849 13.81425 13.83753 13.50658 13.27479 12.92055 12.8063 13.37096 13.93151 13.74712 13.61452 13.7674 13.73315 13.76493 13.69863 13.58384 13.40384 13.72548 13.93452 13.47918 13.55644 13.03205 12.56 12.76164 12.93479 12.97644 13.04603 13.12411 12.89945 12.22466 12.6663 13.00685 13.10712 12.94247 12.6274 12.35452 12.15753 12.24027 11.89808 11.77069 12.33671 12.76384 12.74164 12.9737 13.54301 14.12 14.36658 14.60904 14.75014 14.72521 14.65479 14.58274 14.36466 13.91644 14.17479 14.7326 14.77836 14.42493 14.12 13.52 13.73069 13.86301 14.02 13.91699 13.74082
14.01616 14.41342 13.60137 14.17397 14.19589 14.1126 14.09123 13.90658 13.18931 12.57753 12.70164 13.51863 13.94384 13.91233 13.82438 13.87041 14.02055 14.07425 13.81041 13.69479 14.04438 14.13397 14.19233 13.82411 13.84822 13.71918 13.24904 12.78466 12.79342 12.82055 12.83863 12.85699 12.79206 12.62493 12.18822 12.07452 12.3663 12.77123 12.53753 11.87507 11.42384 10.80055 10.43288 10.22849 10.57041 11.54548 11.99863 11.70575 11.71206 12.38438 13.38767 13.70849 14.37918 14.60575 14.38548 13.8074 13.58466 14.03753 13.74356 14.42521 14.8463 14.75397 14.37918 14.24658 14.04274 14.15945 13.97753 13.83863 14.04356 13.92082
13.58438 14.11205 13.7611 14.05041 14.0263 13.84411 13.8 13.80438 13.42822 12.72603 13.0126 13.82301 14.12904 13.83123 13.74932 13.97589 14.11288 14.12164 13.87699 13.95753 14.2537 14.34274 14.23534 13.83918 13.95918 13.80548 13.30137 12.67507 12.6074 12.77041 12.88795 12.83836 12.65699 11.98795 11.71644 11.11342 11.58904 12.58247 12.94767 12.5789 12.12658 11.85096 12.40055 11.78274 12.34411 12.47562 11.66959 11.47178 12.75425 13.63288 14.74192 14.74849 14.68411 14.3337 13.8074 13.19452 12.73808 13.12658 14.03068 14.47205 14.78603 14.8 14.62548 14.57041 14.19123 13.68192 14.04849 13.5726 13.68822 14.01178
13.9737 14.32466 13.75918 14.28055 13.89945 13.69671 13.69973 13.56438 13.05068 12.41507 13.44877 14.04932 14.2063 13.65233 13.30137 13.5926 14.13288 14.09808 14.07973 14.20438 14.37973 14.33699 14.22657 14.1063 14.10055 13.86411 13.33699 12.67808 12.58493 12.66986 12.7063 12.65178 12.49863 11.24904 10.71397 10.14877 11.16411 12.15699 12.97836 13.38219 13.24082 13.07918 12.86493 12.83507 13.0989 12.92438 12.22466 12.21507 13.46384 14.33808 14.25452 13.99041 13.8989 14.14795 13.93616 13.01836 12.24603 12.41479 13.07534 14.00247 14.49781 14.88959 14.77562 14.40712 13.75973 13.70685 13.72411 13.47945 13.10164 13.68877
13.93205 14.23233 14.38603 13.95699 13.92027 14.06027 13.95096 13.62849 13.38301 13.48658 13.99863 13.61671 14.06164 14.04164 13.92411 13.97397 14.11781 14.18192 14.23616 14.28219 14.21014 14.21041 14.06521 13.82658 14.07753 13.74794 13.22931 12.29671 12.1537 12.53671 12.65069 12.37726 12.04795 10.94658 10.3337 10.59534 11.13233 11.68356 12.68137 13.41836 13.44932 13.34027 12.83726 12.76658 13.66027 13.5063 13.10959 13.34219 13.97863 13.92219 12.98082 13.01534 12.65589 13.89507 13.6274 13.35014 13.60986 13.74438 13.95836 14.42274 14.81096 14.92192 14.79534 14.57973 14.44384 14.25726 13.36959 13.11836 12.63151 13.2589
14.39014 14.14822 14.4 14.27781 13.8674 13.99918 13.92521 13.55507 13.73096 13.99945 14.19096 14.14657 14.19069 14.16301 14.19123 14.22137 14.23397 14.24 14.23014 14.2611 14.21534 14.04986 13.67808 13.78192 13.65205 13.02192 12.64575 11.98658 12.29425 12.59699 12.54575 12.28932 11.83808 10.76822 10.87808 11.28384 11.82904 12.13233 12.75918 13.12082 12.92767 12.90932 13.17726 12.76795 13.77836 13.80493 13.73918 13.87041 13.65671 12.87507 12.09397 11.69123 12.41616 13.24301 13.19123 13.42877 13.9726 14.51699 14.63699 14.80329 14.4389 14.79753 14.95753 14.7926 14.64192 14.10411 13.78329 13.6326 13.61397 13.48849
14.39014 14.14822 14.4 14.27781 13.8674 13.99918 13.92521 13.55507 13.73096 13.99945 14.19096 14.14657 14.19069 14.16301 14.19123 14.22137 14.23397 14.24 14.23014 14.2611 14.21534 14.04986 13.67808 13.78192 13.65205 12.93562 12.42 12.69808 12.46521 12.3189 12.20548 12.04712 11.65151 10.0989 10.93507 10.74575 12.05781 12.40822 12.21699 12.05644 12.06329 12.40082 13.33178 13.40411 13.53151 13.54521 13.11808 12.8137 12.58904 11.91836 11.20411 10.79781 11.76712 12.54658 12.43397 12.75068 13.50904 14.29342 14.26329 14.09644 13.50027 13.69014 14.36055 14.94219 14.80082 14.64931 14.54575 14.13534 13.78794 13.80959
14.41178 14.38959 14.43479 13.8937 13.70356 13.83589 13.75096 13.64986 14.05452 14.15945 14.18082 14.15014 14.13452 14.21288 14.20959 14.24822 14.26027 14.20219 14.06658 13.77123 13.64356 13.94164 14.24493 13.94027 13.54137 12.93562 12.42 12.69808 12.46521 12.3189 12.20548 12.04712 11.65151 10.0989 10.93507 10.74575 12.05781 12.40822 12.21699 12.05644 12.06329 12.40082 13.33178 13.40411 12.38192 13.09151 12.87589 12.22849 11.79644 11.35151 10.66438 10.32411 11.13178 11.80055 11.71781 12.32164 13.18521 13.4589 12.72603 12.68164 12.70219 13.22164 14.18411 14.78438 14.92822 14.76164 14.22411 13.6674 12.89288 12.96904
14.31507 14.45973 14.42219 14.16329 14.15836 13.80466 13.47726 13.69644 14.29397 14.29781 14.1789 14.28794 14.26219 14.26164 14.25534 14.22904 14.17233 14.15123 14.16548 14.21562 14.24247 13.88082 13.88603 14.06411 13.84466 13.24521 12.54575 12.40712 12.25014 11.81096 11.38822 11.09096 10.78575 10.52438 11.61041 11.46274 12.39205 12.05014 11.40356 10.84438 10.85178 11.75315 13.01781 12.85616 12.38192 13.09151 12.87589 12.22849 11.79644 11.35151 10.66438 10.32411 11.13178 11.80055 11.71781 12.32164 13.18521 13.4589 12.51507 12.73178 13.11205 12.60877 13.73452 13.58767 14.32055 14.76493 14.04082 13.1789 12.99644 13.04219
14.29233 14.44658 14.46356 14.35616 13.8937 13.24356 13.16411 13.77123 14.37589 14.36932 14.35288 14.38 14.37726 14.30192 14.23205 14.14247 14.01589 13.78959 13.85918 14.25342 14.28603 14.10712 13.93781 13.7 13.19014 12.37096 12.32219 11.99041 11.71753 11.18986 10.50164 9.828493 9.587123 10.59342 11.09753 12.31069 11.9063 11.45589 10.97973 10.10384 9.971781 11.25808 12.63397 13.02603 12.19671 12.70822 12.57205 11.70192 10.93425 10.61836 10.47041 10.2926 11.05452 12.29534 12.09452 11.98712 12.41315 12.78301 12.51507 12.73178 13.11205 12.60877 13.73452 13.58767 14.32055 14.76493 14.04082 13.1789 12.99644 13.04219
14.46904 14.47808 14.36575 14.34137 13.55945 13.06219 13.3589 14.04219 14.47836 14.56329 14.43425 14.4789 14.39945 14.33589 14.28712 14.04301 13.84192 14.02822 13.96164 14.23507 14.11918 13.61945 13.51562 12.80411 12.18356 11.76137 11.20329 10.96548 10.90192 10.63534 9.572877 9.78548 10.70027 12.03753 12.52493 12.24712 11.04658 10.21562 9.919178 10.05534 10.78137 11.93918 12.79753 12.65123 12.59452 12.13726 11.56411 11.27918 10.62137 9.770959 9.902192 10.75452 11.23562 12.49726 12.9126 12.70986 12.46795 12.79452 13.41233 13.87753 13.76247 12.20932 12.45671 12.92466 14.04192 14.6789 14.46712 13.82493 13.44164 13.52849
14.41918 14.15808 14.35233 14.31671 13.28 13.02712 13.59205 14.24794 14.54658 14.59945 14.52959 14.48767 14.41973 14.35041 14.33123 14.13726 14.0063 14.28712 14.10986 13.96082 13.66329 13.08329 12.89479 12.31479 12.18877 11.89644 10.38877 10.73069 10.47562 9.944384 9.813972 10.58082 11.30027 11.94384 11.47315 11.13041 11.18219 10.67178 10.11205 10.25644 11.16192 12.15671 12.48795 11.80493 12.39315 11.41014 11.30466 10.86986 10.02082 9.444657 9.59589 10.37863 10.91753 12.13918 12.77753 13.2874 13.38795 13.29452 13.58877 14.30795 13.97973 12.73753 11.75918 13.10055 13.96411 14.64959 14.64822 13.94274 14.37123 13.71342
