data/maps/tmax.txt
ncols         643
nrows         661
xllcorner     8446.4670181785
yllcorner     47745.068022667
cellsize      1000
NODATA_value  -9999
[rows 279 to 309 of 661, columns 210 to 279 of 643]
19.67973 19.60493 19.91534 20.11671 20.58356 20.86849 20.98959 21.12822 20.83343 20.61178 20.84411 20.84109 21.00027 21.04027 21.04767 20.96329 20.78164 20.99452 21.17616 20.94493 20.92329 20.91397 20.78219 20.69699 20.8789 20.94055 20.20055 20.23616 20.36384 20.28603 20.03507 18.94904 18.52685 19.81288 20.44794 20.63534 20.01863 19.25863 19.3737 18.73562 18.8737 19.33178 19.39041 19.19205 19.92986 19.94329 19.56712 19.95534 20.13452 20.05781 19.99315 20.10712 20.12301 20.28137 20.23151 20.04767 19.56164 19.12658 18.9989 18.91671 18.06247 17.58384 17.73178 18.12466 18.0389 17.77507 17.62164 16.86027 18.09178 18.9737
19.84247 19.89206 20.21151 20.32575 20.93534 21.11452 21.07425 21.0948 20.25096 19.92219 20.4874 20.40849 20.83425 21.00685 21.02438 20.79397 20.46685 20.8337 21.15479 21.13754 21.10356 21.00877 20.92904 21.00356 21.11041 20.91425 20.48438 20.66849 20.6863 20.34329 19.93534 19.36575 19.2937 19.81288 20.44794 20.63534 20.01863 19.25863 19.3737 18.73562 18.8737 19.33178 19.39041 19.19205 19.92986 19.94329 19.56712 19.95534 20.13452 19.99781 20.0074 19.88301 20.07397 20.24932 20.30329 20.04301 19.96822 19.95644 19.7548 19.52548 19.61918 18.94027 19.15507 19.42027 19.19288 18.86 18.68466 17.92493 18.65425 18.78493
20.12192 20.49836 20.36164 20.99945 21.02932 20.88411 20.68137 20.92849 20.39041 20.20274 20.26137 20.13808 20.42521 20.54301 20.76521 20.77945 20.59973 21.10055 21.19753 21.23781 21.21973 21.14986 21.1326 21.15014 21.06055 20.97041 20.74164 20.82055 20.61671 20.29069 20.23589 20.34932 20.61973 19.90411 20.70877 20.46603 19.69069 18.78411 18.50356 18.82411 18.57041 19.32 19.34109 19.38575 19.71918 19.84685 19.88466 20.19808 20.27617 19.99781 20.0074 19.88301 20.07397 20.24932 20.30329 20.04301 19.96822 19.95644 19.7548 19.52548 19.61918 18.94027 18.9526 18.2737 18.67425 19.29123 19.06466 18.81452 18.83315 18.37206
21.04493 21.02658 20.93342 21.02932 20.72822 20.23096 20.42493 20.67288 20.9926 20.8811 20.68493 20.36055 19.80575 20.04904 20.22493 20.30521 20.60877 21.34164 21.31096 21.14986 21.16192 21.14603 21.15973 21.04658 20.62082 20.9189 20.54466 20.69041 20.46959 20.2737 20.53836 20.7589 20.76959 20.23041 20.74959 20.23068 19.62411 19.10986 18.55699 19.0274 18.53918 19.20466 19.45753 19.26575 19.7863 19.81151 19.60164 20.20603 20.35151 20.40329 20.38411 19.71754 19.31726 19.63315 20.25288 20.46795 20.35918 20.11671 20.07479 19.82164 19.84932 19.11397 18.9526 18.2737 18.67425 19.29123 19.06466 18.81452 18.83315 18.37206
20.49808 20.80575 20.16603 20.44794 19.59014 19.70548 20.31781 20.79644 20.70548 20.11699 20.47014 20.29699 19.82877 19.33151 19.69863 20.26521 20.65096 21.37808 21.38247 21.16795 21.2211 21.15671 21.11644 20.84384 20.18959 20.48877 20.6874 20.70575 20.68959 20.78082 20.83781 20.66082 20.81671 20.69205 20.44466 19.95808 19.51315 19.13178 18.69808 18.97671 19.74082 19.32438 19.67644 19.28301 19.6874 19.8189 19.96247 20.27397 20.41205 20.49534 20.49315 20.3474 20.45589 20.50932 20.54767 20.47178 20.46082 20.41699 19.97315 19.38658 19.11562 18.58849 17.62192 17.8274 18.66027 19.16466 19.0674 18.98411 18.8548 18.42192
20.53342 20.66877 20.21534 18.87178 19.99863 20.32247 20.51589 20.82192 20.56712 20.0474 19.98712 19.55014 19.88356 20.40795 20.49781 20.63342 20.90986 21.25205 21.31397 21.33479 21.18904 20.84082 20.73397 20.71014 20.50438 21.01945 20.85945 20.6811 20.7474 20.77233 20.52603 20.32027 20.51616 20.21863 20.50247 19.92192 19.39945 19.27863 19.12521 18.96822 20.33616 19.52794 19.95726 19.09315 19.0874 19.19233 19.05671 19.83178 20.35781 20.49534 20.52082 20.48219 20.38795 20.41918 20.23206 20.40658 20.05397 20.0389 20.16 20.02384 18.90493 18.16356 17.55754 17.45397 18.35342 19.13342 19.18904 19.0063 18.76932 18.51123
19.62329 19.78986 20.22575 19.33288 19.96986 20.64767 20.81288 20.74575 20.53069 20.72548 20.14931 19.88548 20.4011 20.75178 20.7811 20.37836 20.35945 21.15808 21.04438 21.3126 21.33397 20.91507 20.28493 19.97808 20.26932 20.70219 20.54164 20.77479 20.76657 20.79041 20.74849 20.53425 20.39479 20.52356 20.08219 19.7589 19.5189 19.59753 19.47726 18.93342 20.61233 19.90986 20.39562 19.41918 18.74 18.05479 17.8011 19.81397 20.39945 20.53918 20.48247 20.3389 19.49068 19.75096 19.18411 19.56658 20.22986 19.96548 19.46959 19.23425 19.65178 19.84109 18.64301 17.99343 18.48877 19.10438 19.23808 18.84548 17.67123 18.78301
19.64438 19.11041 19.76986 20.24027 20.56 20.85397 20.64548 19.69288 19.79726 20.37233 20.66219 20.22877 20.69397 20.80247 20.86575 20.83425 20.61617 20.81918 20.97863 21.30329 21.17041 20.82219 20.34137 19.86822 19.88658 20.64384 20.6537 20.78466 20.68712 20.68657 20.65781 20.5126 20.64438 20.73699 19.99178 19.68301 19.78822 19.82493 19.2326 18.8874 20.74411 20.2126 20.54192 20.01288 19.35671 18.89342 18.80603 20.11452 20.47973 20.42411 19.93205 19.39671 19.4937 19.72274 19.76274 20.67726 20.38192 19.73973 19.35342 19.05973 19.29973 20.08438 19.48219 18.59507 18.4463 18.81507 18.99096 18.82986 18.88658 19.1326
19.20247 18.95671 19.79671 19.97671 20.23288 20.71918 20.32082 18.96795 20.02192 20.31863 20.60219 20.51836 20.5926 20.74137 20.8874 20.63069 20.15452 20.7126 20.94959 21.21041 21.00767 20.15589 19.87425 19.72219 19.37726 20.0263 20.36877 20.71151 20.89315 20.80986 20.65945 20.67836 20.88192 20.80521 19.28164 19.55342 19.69342 19.63069 19.24192 18.53014 20.04219 20.77123 20.75644 19.41343 19.25671 19.48548 19.92712 20.28712 20.51315 20.32192 19.42657 18.82603 19.70822 19.60685 19.49534 20.48438 20.45205 20.32219 20.03452 19.77452 19.8874 19.84493 18.95699 18.15178 18.08548 18.48082 18.62658 18.58137 19.24493 19.35096
19.20247 18.95671 19.79671 19.97671 20.23288 20.71918 20.06247 18.91918 19.92027 20.13123 20.34849 20.79836 20.63616 20.66466 20.76794 20.77863 20.74767 20.57699 20.71342 21.00548 20.8863 19.94356 19.32658 19.40247 19.7137 19.92082 20.77836 20.76877 20.83671 20.2989 20.17507 20.75178 20.63288 20.16795 20.61288 20.79616 20.29562 19.66466 19.86137 20.67644 20.78384 20.4989 20.42329 19.95945 19.79151 19.39945 18.92493 19.27479 20.30082 20.08904 19.02329 18.72301 19.92603 19.9211 19.73014 19.94082 20.02027 20.3326 20.43534 19.98411 19.41452 18.87534 18.79288 18.51425 18.69425 18.80219 18.9789 19.21863 19.21754 19.33753
18.94438 19.22767 19.61534 19.74603 20.05315 20.40603 20.06247 18.91918 19.92027 20.13123 20.34849 20.79836 20.63616 20.66466 20.76794 20.77863 20.74767 20.57699 20.71342 21.00548 20.8863 19.94356 19.32658 19.40247 19.7137 19.92082 20.77836 20.76877 20.83671 20.2989 20.17507 20.2263 20.1126 20.99178 20.94356 21.00493 21.02932 20.91589 20.76329 20.85041 21.10247 20.81479 20.68 20.49233 20.45041 19.76137 18.87233 19.84438 20.19562 19.28767 18.78575 19.01671 19.6137 19.64274 19.37342 20.36904 20.17123 19.80301 19.98658 19.74055 18.91945 18.41616 18.45918 18.75863 18.78192 18.70767 18.77288 19.13918 19.54548 19.49726
17.9211 17.73206 17.87808 18.76493 19.6411 20.2337 20.08219 18.99781 20.09562 20.37671 20.35945 20.83452 20.86767 20.68904 20.68274 20.79342 20.83918 20.87562 20.97425 21.03069 20.95562 20.64247 20.17315 19.62849 19.64603 20.65452 20.93315 20.75205 20.51973 20.05206 19.98603 20.2263 20.1126 20.99178 20.91123 21.00493 21.02932 20.91589 20.76329 20.85041 21.10247 20.81479 20.68 20.49233 20.45041 19.76137 18.87233 19.84438 20.12658 20.11507 19.18767 19.55014 19.13589 19.94603 19.81206 20.73096 20.75288 20.28246 20.1411 19.89836 19.42247 18.3989 17.02219 17.76877 18.13479 18.73233 19.02794 19.15781 19.55754 19.63589
17.15397 16.92329 18.13671 18.92795 20.03123 20.46904 20.11617 19.50575 20.22301 20.73671 20.79589 20.94548 20.9874 20.86384 20.8252 20.90164 20.89041 20.89699 20.93507 20.97836 21.00356 20.89589 20.74932 20.26301 19.85836 20.28 20.79726 20.5263 20.02932 19.91562 19.42 18.47507 18.49973 20.87397 20.82795 20.97644 20.86712 20.12904 19.82959 20.67178 19.58685 19.87479 20.14986 20.82137 20.65644 20.31753 19.93288 20.28356 20.12658 20.11507 19.18767 19.55014 19.13589 19.94603 19.81206 20.73096 20.75288 20.28246 20.1411 19.89836 19.42247 18.76767 18.08822 18.04055 18.36986 18.93534 19.34932 19.51616 19.58411 19.65891
16.98192 17.44082 17.74986 17.59452 17.8548 20.1537 19.61507 18.78986 20.30301 20.73233 20.86849 20.89151 20.8611 21.00767 21.07041 21.01151 20.90137 20.85699 20.94712 21.13644 21.11205 20.9874 20.96027 20.75178 20.38356 20.27644 20.88 20.44466 20.16493 20.21288 19.47644 18.81068 19.72192 21.04411 20.44794 20.75343 20.41452 20.37808 20.70603 20.84329 21.1126 20.85781 19.9663 20.91343 20.47726 19.64411 18.88959 19.54466 20.13233 20.23288 19.45973 19.71808 20.36904 20.70521 20.71069 20.47206 20.71863 20.52356 20.18055 19.63288 19.28904 18.76767 18.08822 18.04055 18.36986 18.93534 19.34932 19.51616 19.58411 19.65891
17.0674 17.05781 18.46 18.74055 17.85069 18.89342 18.77014 19.03836 20.26329 20.71178 20.85562 20.85425 20.88301 21.08712 21.09945 20.93534 20.85589 20.95452 21.28658 21.30247 21.30356 21.10192 21.05836 20.84932 20.39863 20.13863 20.67014 20.19562 20.17945 20.42685 19.89918 19.47342 20.20411 20.86603 20.45808 20.39123 20.7526 20.80493 20.60356 20.66384 20.98986 20.71781 20.95534 20.85041 20.11425 19.83945 20.0937 19.53014 20.95973 20.08055 20.20603 20.12493 21.09288 21.10575 21.09096 21.03918 21.0074 20.75726 20.21945 19.69096 18.9937 19.13041 18.79233 19.23644 19.36849 19.29425 19.32027 19.46164 19.60082 19.71644
17.88192 18.11726 19.35589 19.50548 19.34575 18.45178 18.24685 18.43507 19.75918 20.63288 20.92877 21.13041 21.10438 21.1189 21.21479 21.0663 20.9726 21.25534 21.46849 21.33233 21.2989 21.15863 21.14 20.99973 20.55699 20.10411 20.01151 19.50164 20.27479 20.46164 20.39315 20.5263 20.84055 20.85096 20.67507 20.15397 20.63589 20.85781 20.83343 20.81753 20.5611 20.61808 20.69315 20.51425 20.36274 20.06301 20.16384 20.43562 20.77123 20.5589 20.32192 20.84877 21.03973 20.90822 20.90932 20.98219 20.81315 20.79342 20.43342 19.72904 18.98795 19.43616 19.56137 19.53151 18.78356 17.8337 18.1137 19.03507 19.50466 19.4411
19.50548 19.65507 20.17781 20.17425 20.06055 19.98658 19.46192 18.97068 19.99096 20.62438 21.00301 21.0989 20.96795 21.17151 21.0526 20.84794 20.92603 21.2737 21.47068 21.31288 21.24685 21.2663 21.25425 21.14575 20.91452 20.53534 19.12356 19.57534 19.61342 19.62822 20.19507 20.84109 20.9926 20.8211 20.59288 20.43452 20.68767 21.00329 20.8863 20.21808 19.49014 19.23973 19.8074 20.5989 20.11726 19.64219 20.23343 20.94 20.59014 20.63069 21.00301 21.01616 20.95069 20.79945 20.7 20.64137 20.64658 20.38301 19.67014 19.6737 19.73644 19.36411 19.9811 19.11069 17.09918 17.16219 17.40055 18.37562 19.52027 19.63945
19.72603 19.72767 20.36219 20.57123 20.57644 20.23507 19.98658 19.35753 20.13288 20.36329 21.0652 21.17068 21.03479 20.9052 21.19617 21.15206 21.16247 21.46603 21.43836 21.21671 20.7389 21.07041 21.25452 21.21123 20.94192 20.17233 18.36466 18.50055 19.57781 20.02548 20.40849 20.7452 20.86493 20.80438 20.72247 20.78027 20.81945 20.96575 20.89644 20.39096 19.68192 19.47452 20.31479 20.4052 20.43973 19.87671 19.92603 20.52658 21.02384 20.57808 20.59123 20.46904 20.65726 20.16822 19.56247 19.88658 20.16575 19.30493 18.88493 19.56329 20.09945 20.06438 19.36137 18.22712 16.61233 16.55096 17.26247 18.56658 19.68794 19.86767
19.4063 19.42384 20.16055 20.35151 20.56658 20.48959 19.80027 20.05863 20.37726 20.63644 20.9937 21.21096 21.13754 21.22027 21.28822 21.25343 21.30548 21.14548 20.75945 20.32 19.33671 19.92301 20.80658 21.17288 20.72685 19.30411 17.81343 18.88329 20.02521 20.38767 20.61479 20.37233 20.2526 20.92904 20.90849 20.81945 20.79726 20.84411 20.8811 20.61534 20.09507 20.09671 20.81397 20.74438 20.6389 20.43616 20.4463 20.74849 20.42685 19.94466 19.99616 20.38027 20.41863 19.81562 19.55589 20.04329 19.87781 19.99178 19.39562 19.84356 20.34575 19.75562 18.75178 16.52548 16.17534 17.88082 18.84384 18.90685 19.23671 19.9189
19.43863 19.47479 19.97425 20.30849 20.54822 20.66356 20.50712 20.63397 20.34904 20.59233 20.52794 21.09534 21.10658 21.16384 20.97315 20.75343 21.11836 21.00192 20.5211 20.32822 19.03507 19.64931 20.57973 20.90767 20.73753 20.28438 18.96712 20.16521 20.66466 20.77342 20.31644 20.22027 20.60877 20.95342 20.96931 20.82575 20.81178 20.87069 20.88027 20.78411 20.60877 20.48822 20.25644 20.17973 20.71644 20.02959 19.57068 20.38411 19.80027 19.7674 19.91616 19.97479 19.80301 19.91425 19.68411 19.90959 20.51452 20.01562 19.38 19.59123 20.0526 19.87151 17.38822 18.05206 19.08164 19.40082 19.74685 19.91233 19.79753 19.62493
19.43863 19.47479 19.97425 20.30849 20.54822 20.66356 20.50712 20.63397 20.34904 20.59233 20.52794 21.09534 21.10658 21.16384 20.97315 20.75343 21.11836 21.00192 20.5211 20.32822 19.03507 19.64931 20.57973 20.90767 20.73753 20.28438 18.96712 20.16521 20.66466 20.71534 20.2137 19.99973 20.47507 20.87644 20.94904 20.83343 20.72164 20.85808 20.93671 20.92082 20.94959 20.9663 20.70301 20.65973 20.92822 20.0537 19.62575 20.34055 20.23753 19.64 19.63589 19.37397 19.61644 20.00986 20.20329 20.43123 20.51534 20.08986 20.03918 19.78356 19.97753 19.71014 16.68685 18.79069 19.76767 18.82685 18.67945 18.94986 19.32877 19.5611
19.73507 20.27836 20.7326 20.68274 20.56986 20.78904 20.76685 20.73808 20.46137 20.69315 20.88 20.89479 20.37589 21.01014 21.18301 21.1463 21.22575 20.93589 20.68164 20.26603 20.71069 20.08822 20.65206 20.98137 21.07644 20.93726 19.74164 19.99726 20.09452 20.71534 20.2137 19.99973 20.47507 20.87644 20.94904 20.83343 20.72164 20.85808 20.93671 20.92082 20.94959 20.9663 20.70301 20.65973 20.92822 20.0537 20.16767 20.26274 20.00548 19.61617 19.73288 19.51068 20.00192 20.05562 20.20247 20.30658 20.5874 20.12438 20.52685 20.04712 20.09781 19.58027 18.16 19.62658 19.05315 18.78877 18.88986 19.09151 19.42438 19.50247
20.06164 20.56466 20.80493 20.68 20.42493 20.62986 20.80822 20.8674 20.69397 20.63507 20.76712 20.9526 20.8926 21.22438 20.76411 20.73863 20.89425 20.82877 21.14822 20.91699 20.25671 20.02904 20.03863 19.7863 20.3463 20.82 19.58356 20.60164 20.60082 20.88795 20.90082 20.32274 19.99151 20.4274 20.8937 20.82082 20.89288 20.91589 20.95973 21.01123 20.99452 20.7389 19.88877 20.68055 20.58904 20.30329 20.16767 20.26274 20.00548 19.61617 19.73288 19.51068 20.00192 20.05562 20.20247 20.30658 20.5874 20.12438 20.52685 20.04712 20.44548 19.6748 19.76521 19.60466 19.42685 19.65808 19.76877 19.4811 19.19973 18.69288
20.40712 20.82712 21.01562 20.76493 20.39151 20.56329 20.52164 20.82192 20.94767 20.95836 20.86384 20.79342 20.90274 21.32356 20.53507 20.42438 20.81233 20.89397 21.08356 20.66247 19.48411 19.48658 20.15479 19.76904 19.99616 20.65534 19.89781 20.14137 20.37315 20.5674 20.66055 20.76137 20.32932 19.89699 20.63123 20.65753 20.3263 20.30795 20.54685 20.78767 20.92849 21.01014 20.81808 20.22822 20.12356 19.99781 19.93397 20.26164 20.43096 20.35342 20.22466 20.07616 20.50493 20.23836 19.96438 19.93507 20.80493 20.63671 20.71342 20.59863 20.44548 19.6748 19.76521 19.60466 19.42685 19.65808 19.76877 19.4811 19.19973 18.69288
20.19479 20.53151 20.9211 20.74274 20.1874 20.5326 20.55699 20.58685 20.56712 20.94794 21.05671 21.04383 20.71863 21.16904 20.45753 19.98603 20.62849 20.52959 20.9537 20.4663 19.98219 20.08055 19.76301 20.05507 20.21699 20.45069 19.54192 19.8989 20.67562 20.56603 20.09452 20.26247 20.33068 19.87069 19.76657 20.12986 20.74932 20.92932 20.9674 20.98603 20.99233 20.99343 20.9674 20.96274 20.21397 20.20904 20.42055 20.27151 19.90959 20.67452 20.82795 20.41753 20.82904 20.45507 20.41343 20.56164 20.55616 20.59096 20.8548 20.75452 20.29534 19.97096 19.59781 19.48466 19.57479 20.11096 19.78685 19.58 19.03644 18.34438
20.02822 20.41808 20.95425 20.52219 19.57507 20.19151 19.98082 20.55616 20.58137 20.69781 21.07343 21.02877 20.94794 21.13014 20.34 19.84603 20.4926 20.04685 20.44822 20.53699 20.59507 19.71069 19.15699 19.64603 20.34767 20.59616 19.97397 19.37178 20.76055 20.29863 20.18521 19.72301 19.70877 19.84575 19.51315 20.34822 20.7074 20.8863 21.00137 20.99808 20.86301 20.76 20.99507 21.2274 21.03781 21.10384 21.08657 20.79918 20.56959 21.05014 20.8474 20.88137 20.53233 19.71425 19.95973 20.84384 20.54575 20.63534 20.97288 20.81151 20.60849 20.58438 20.03397 20.21315 20.07781 19.86767 19.81918 19.59534 18.81644 18.44137
20.08986 20.3937 21.00959 20.47507 19.44986 19.99096 19.80603 20.57452 20.53753 20.6874 21.02932 20.81808 20.34055 20.41616 20.11753 19.75973 20.58685 20.37479 20.0137 19.59918 19.89781 19.13123 19.87425 20.28986 20.19342 19.77699 19.47507 20.50192 20.78246 20.58247 19.84521 19.15233 19.39123 19.98904 19.9189 19.75945 20.46192 20.70438 20.94274 20.72356 20.21014 19.95617 20.13014 21.19397 21.11041 21.22027 21.21562 21.14219 21.12411 21.16055 21.05973 20.43918 20.80795 20.49425 20.74932 20.93945 20.83397 20.80329 20.31644 20.67644 20.58904 20.36794 19.76932 20.42219 20.60877 20.18767 19.81589 19.37726 18.49233 18.6737
20.89041 21.13534 21.2526 20.59562 19.69863 19.63096 19.42356 20.74411 20.8 21.02329 20.9052 20.50685 20.09863 20.01233 19.46411 18.87397 20.38247 20.54986 20.04274 19.29534 19.86137 19.26959 19.9137 20.02164 19.52356 19.23096 19.64849 20.69041 20.37014 20.32466 19.17014 18.96055 19.4726 20.12959 20.4263 19.96027 19.8326 20.55288 20.96521 21.00356 20.58438 20.06712 20.22082 20.87973 21.32384 21.27534 21.17836 21.06986 20.8463 20.47945 20.37178 20.07562 20.34356 20.1011 20.1526 20.53288 21.00822 20.56247 20.20027 20.57123 19.74575 19.78 20.27178 20.40164 20.35315 20.23945 20.3337 19.96877 19.46986 19.60301
21.28438 21.31699 21.0674 20.44164 20.0989 20.54767 20.69808 21.02822 20.82384 20.43507 20.04849 19.79945 19.84247 20.0063 19.39096 19.58329 20.44 20.62794 19.90822 19.62027 19.39151 19.70164 19.63863 18.92219 19.46521 20.07479 20.41041 20.27205 19.89151 20.32959 19.47206 19.66575 19.98082 20.2189 20.45479 20.04137 19.85178 20.42301 20.85041 20.92137 20.59589 20.24301 20.26192 20.1989 20.70301 21.04712 21.20356 21.16849 20.93534 20.7589 21.05425 20.93069 20.64877 20.62 20.54685 20.66657 20.91616 20.57589 19.3274 18.92712 19.57452 20.04055 20.39452 20.18822 19.81452 19.29206 20.38027 20.06082 20.07589 19.94055
21.10986 21.11863 21.1737 20.71151 20.16603 20.38685 20.8674 20.65616 20.10932 20.32849 20.27507 19.90055 20.11041 20.10767 19.94794 20.7474 20.85918 20.81452 19.84466 19.70055 19.52986 19.24411 19.18164 19.64658 20.22493 20.57562 20.66301 19.90603 19.96548 20.24 19.95644 19.90329 20.02493 20.07096 20.04383 19.83753 19.98082 20.39342 20.81863 20.8737 20.58247 20.31096 20.2274 19.89151 19.59973 20.78959 20.96795 21.02055 20.99616 21.01507 20.90877 20.73151 20.97753 20.9052 20.52466 20.60521 20.55534 19.68137 20.14849 18.50192 19.81616 20.47096 19.8463 19.52548 19.88767 19.80438 20.56384 19.98384 19.37918 19.32849
21.10986 21.11863 21.1737 20.71151 20.16603 20.38685 20.8674 20.65616 20.10932 20.32849 20.27507 19.90055 20.11041 20.10767 19.94794 20.7474 20.85918 20.81452 19.84466 19.70055 19.52986 19.24411 19.18164 19.64658 20.22493 20.57562 20.66301 20.25178 19.98795 20.52959 20.04164 19.96082 19.87863 19.7411 19.76904 19.78904 19.88027 20.22082 20.47918 20.65699 20.65726 20.53945 20.42247 20.30521 20.1937 21.07123 20.84849 20.65589 20.51452 20.51507 20.74027 21.35863 21.04192 20.9074 20.36767 20.06411 20.23534 19.45425 18.74466 20.15507 20.19096 20.17616 20.16904 19.30466 19.10904 19.94959 20.61562 20.37479 19.47945 18.87425
