data/maps/tmax_sum.txt
ncols         643
nrows         661
xllcorner     8446.4670181785
yllcorner     47745.068022667
cellsize      1000
NODATA_value  -9999
[rows 372 to 402 of 661, columns 140 to 209 of 643]
-9999 -9999 -9999 -9999 30.41413 30.34022 30.30544 30.32717 30.46304 30.28913 29.96196 30.14239 31.0337 31.3337 31.58913 31.44565 31.80652 32.00326 32.06304 32.27717 32.18696 32.11522 32.36739 32.48043 32.44891 32.44022 32.40652 32.32609 32.31196 32.36956 32.26196 32.24348 32.55978 32.75652 32.71848 32.77609 33.0087 32.77391 32.98478 33.10978 33.17717 33.19348 33.15 33.09783 33.13804 33.14674 33.16304 33.20543 33.21413 33.12935 32.99891 32.92935 32.85217 32.775 32.78913 32.83261 33.04348 33.11956 32.8913 32.59674 32.57174 31.69891 32.0163 31.85217 31.89239 32.07283 32.19022 32.03478 31.80435 32.15543
-9999 -9999 -9999 -9999 30.40217 30.38804 30.28696 30.43369 30.60109 30.18804 29.9163 30.45652 31.24783 31.4837 31.58913 31.57174 31.64783 31.82717 32.00109 32.19239 32.40761 32.42174 32.4413 32.41196 32.36739 32.36087 32.31848 32.25 32.26413 32.23587 32.46522 32.49674 32.37283 32.5663 32.52609 32.62609 32.79674 32.75217 33.01848 33.15543 33.1837 33.18478 33.13696 33.12283 33.12935 33.11848 33.12935 33.20543 33.20543 33.12065 33.09239 33.12826 32.82174 32.94891 33.14348 33.13044 33.11739 33.01848 32.725 32.43044 32.2837 31.39783 32.02065 31.55 31.81304 32.08043 31.96413 31.90435 31.75 32.04457
-9999 -9999 -9999 -9999 -9999 -9999 30.24348 30.30109 30.67826 30.66087 30.78044 31.25543 31.36739 31.55761 31.67826 31.68478 31.80544 31.89891 32.03261 32.26957 32.45109 32.49348 32.52935 32.38478 32.31739 32.30109 32.2663 32.28696 32.39891 32.4913 32.55544 32.58261 32.52174 32.24456 32.12935 32.53804 32.54782 32.79782 33.00978 33.15217 33.18696 33.17826 33.15109 33.12283 33.09022 33.05217 33.07174 33.14457 33.21522 33.15326 33.06522 33.06413 32.94456 33.2163 33.13804 33.06848 32.62609 32.3837 32.31413 32.13152 31.90761 31.22935 31.90109 31.17174 31.47391 31.90217 31.66522 31.33696 31.46522 32.06304
-9999 -9999 -9999 -9999 -9999 -9999 -9999 30.43044 30.64239 30.97609 31.19239 31.31631 31.46522 31.7337 31.92283 -9999 -9999 32.04782 -9999 -9999 -9999 -9999 -9999 32.48696 32.40761 32.33261 32.30217 32.29674 32.32065 32.49239 32.23261 32.50326 32.58261 32.48478 32.45326 32.78913 32.92717 33.00761 33.03913 33.15326 33.13913 33.10652 33.18261 33.21522 33.16196 32.99022 33.10109 33.15217 33.17717 32.94456 32.83804 33.03261 33.14565 32.66848 32.24674 32.42717 32.21522 31.96956 32.11956 32.40543 32.28478 31.96413 31.79457 31.375 31.08696 31.41087 31.39457 30.9913 31.87065 31.6587
-9999 -9999 -9999 -9999 -9999 -9999 -9999 -9999 -9999 31.20217 -9999 -9999 -9999 -9999 -9999 -9999 -9999 -9999 -9999 -9999 -9999 -9999 -9999 32.48913 32.47826 32.41196 32.36196 32.31087 32.26522 32.48696 32.5 32.24022 32.47609 32.75544 32.91631 32.98043 33.01196 33.025 32.94456 33.10326 33.08369 33.0663 33.11848 33.04457 33.06304 33.05652 33.17174 32.99783 32.79239 32.67717 32.57391 32.59783 32.1913 32.85 31.94348 31.7663 31.61957 31.89891 32.20326 32.05326 31.78804 31.80544 31.96196 31.88152 31.10652 30.71196 30.52391 30.41957 31.3913 31.43369
-9999 -9999 -9999 -9999 -9999 -9999 -9999 -9999 -9999 -9999 -9999 -9999 -9999 -9999 -9999 -9999 -9999 -9999 -9999 -9999 -9999 -9999 -9999 32.46413 32.41304 32.40652 32.42282 32.37609 32.24348 32.20761 32.45761 32.54782 32.31739 32.73478 32.65543 32.7337 32.82609 32.92065 33.05544 33.1 32.86304 32.93044 33.06956 33.02826 32.89783 32.95652 32.88478 32.99022 32.59457 32.57174 32.72935 32.66957 32.07718 32.29131 31.4837 31.17283 31.53152 31.68696 31.76304 31.90544 31.81413 31.80435 31.94674 31.77717 31.42283 30.50109 29.96196 30.44891 31.13043 31.20761
-9999 -9999 -9999 -9999 -9999 -9999 -9999 -9999 -9999 -9999 -9999 -9999 -9999 -9999 -9999 -9999 -9999 -9999 -9999 -9999 -9999 -9999 -9999 32.4337 32.375 32.3413 32.30326 32.31413 32.41413 32.20761 32.225 32.42717 32.50326 32.86196 32.88044 32.87065 32.92391 33.03043 33.02391 33.03478 33.05217 32.91739 32.825 32.59457 32.50761 32.49891 32.11739 32.34674 32.55326 32.66522 32.67174 32.35326 31.2913 31.26739 31.99783 31.42826 31.23261 31.1587 31.20543 31.35326 31.51739 31.94022 31.01304 31.05869 31.24022 31.01848 30.29891 29.69022 30.0087 31.4837
-9999 -9999 -9999 -9999 -9999 -9999 -9999 -9999 -9999 -9999 -9999 -9999 -9999 -9999 -9999 -9999 -9999 -9999 31.94783 32.0587 32.15978 -9999 -9999 32.42609 32.40326 32.34457 32.27065 32.26739 32.37065 32.42174 32.22935 32.13044 32.30652 32.86196 32.88044 32.87065 32.92391 33.03043 33.02391 33.03478 33.05217 32.91739 32.825 32.59457 32.50761 32.49891 32.11739 32.34674 32.55326 32.66522 32.67174 32.35326 31.2913 31.26739 31.99783 31.42826 31.23261 31.1587 31.20543 31.35326 31.51739 31.94022 31.01304 31.05869 31.24022 31.01848 30.29891 29.69022 30.0087 31.4837
-9999 -9999 -9999 -9999 -9999 -9999 -9999 -9999 -9999 -9999 -9999 -9999 -9999 -9999 -9999 -9999 -9999 -9999 31.94783 32.0587 32.15978 -9999 -9999 32.42609 32.40326 32.34457 32.27065 32.26739 32.37065 32.42174 32.22935 32.13044 32.30652 32.56413 32.69022 32.87935 32.95326 32.99022 32.7587 32.90109 33.00217 32.89565 32.3413 32.1 31.67935 31.63152 32.06522 32.33804 32.47065 32.48261 31.98696 31.3413 30.77826 31.85435 31.96956 32.09891 32.10109 31.78804 31.48152 31.54348 31.78696 31.50435 30.04239 31.125 31.42283 31.37609 31.17174 30.85761 31.025 32.18478
-9999 -9999 -9999 -9999 -9999 -9999 -9999 -9999 -9999 -9999 -9999 -9999 -9999 -9999 -9999 -9999 -9999 -9999 31.90544 31.99891 32.06956 32.21957 32.23913 32.30544 32.28043 32.275 32.27935 32.25978 32.275 32.41848 32.18152 32.12826 32.19674 32.51413 32.49891 32.62826 32.84239 32.95652 32.6837 32.57065 32.74674 32.88804 32.43587 31.91087 31.97717 31.74565 32.39783 32.35 32.22935 31.74239 31.25978 31.11087 31.74783 31.78804 31.5837 30.85435 31.30978 31.85326 31.9913 31.93261 31.83913 31.61413 31.20109 30.73696 30.55869 31.36413 31.49783 31.14783 31.86413 32.23587
-9999 -9999 -9999 -9999 -9999 -9999 -9999 -9999 -9999 -9999 -9999 -9999 -9999 -9999 -9999 -9999 -9999 31.77283 31.80761 31.84239 31.90435 32.12609 32.21522 32.18044 32.14674 32.19456 32.28696 32.31739 32.28261 32.41631 32.25 32.13587 32.23587 32.56196 32.48696 32.63804 32.85978 32.86304 32.94348 32.79457 32.54022 32.58043 32.46522 31.97174 32.02826 31.87935 31.92935 31.70652 31.2413 31.45109 31.49674 31.10326 31.08478 31.77717 31.42717 31.27174 30.64674 30.84565 31.35435 31.55544 31.4163 30.92283 31.70109 30.34348 30.3913 31.31413 31.57717 31.59022 32.25 32.02717
-9999 -9999 -9999 -9999 -9999 -9999 -9999 -9999 -9999 -9999 -9999 -9999 -9999 31.26522 31.5337 31.64783 31.63261 31.68696 31.76196 31.82065 31.92609 32.09674 32.18696 32.23152 32.20652 32.175 32.14891 32.125 32.08913 32.20652 32.1337 31.98913 32.13587 32.48804 32.53261 32.725 32.77174 32.675 32.81304 32.69891 32.59565 32.30326 32.50217 32.32826 32.24456 32.16739 31.62065 31.23587 31.24348 31.54457 31.43696 30.92609 31.31304 31.9837 31.44783 30.9087 30.84565 31.17391 31.16087 30.77826 30.35326 29.96522 31.49239 30.69131 30.35978 31.16413 32.03587 32.25544 32.08913 31.93152
-9999 -9999 -9999 -9999 -9999 -9999 -9999 -9999 -9999 31.40761 31.40326 31.38043 31.38261 31.06087 31.49348 31.75326 31.82283 31.90435 31.91957 31.84783 31.87609 32.11413 32.18152 32.30652 32.32174 32.25761 32.14239 32.02717 32.00326 32.04457 31.97283 31.87174 32.09891 32.51739 32.55 32.59783 32.58043 32.41631 32.70109 32.50761 32.29131 31.91087 32.33043 32.4087 32.13587 31.86413 31.30217 31.4087 31.34674 31.41522 31.50217 31.22174 31.56848 31.93913 31.87283 31.26087 30.54565 30.94674 30.90978 30.32935 29.87717 29.64565 31.41087 31.22826 31.57174 32 32.24674 32.2413 32.15 32.2
-9999 -9999 -9999 -9999 -9999 -9999 -9999 -9999 31.56304 31.49348 31.37065 31.34239 31.45435 31.85217 31.73152 31.7587 31.8587 31.99022 32.02609 32.00326 32.01848 32.06196 32.20326 32.34457 32.23913 32.2163 32.15978 32.04674 31.97935 32.00217 32.0087 32.02609 32.05435 32.43152 32.44565 32.48696 32.41631 32.29891 32.44674 32.46848 32.33804 31.98913 32.2 32.4087 32.31413 31.7 31.29457 31.55435 31.20109 31.32391 31.55217 31.47174 31.6337 31.77609 31.79022 31.02174 30.55435 30.86848 31.0163 30.60326 29.925 29.3 30.12391 30.40109 30.00435 30.86739 31.90544 32.07935 31.93044 32.28587
-9999 -9999 -9999 -9999 31.76957 31.58804 31.60543 31.59456 31.56087 31.53044 31.5337 31.49239 31.42717 31.69239 31.79022 31.76739 31.87174 32.07174 32.17282 32.18913 32.14783 31.95 32.07609 32.23804 32.31956 32.35217 32.30326 32.22609 32.10652 31.96413 32.07391 32.06087 32.31848 32.40326 32.40652 32.26304 32.03478 32.10652 32.18044 32.11196 31.89022 31.43804 31.38478 31.43804 31.67717 32.05761 31.45543 31.6337 31.29348 31.31956 31.63261 31.80978 31.64783 31.73804 31.38043 31.12174 30.70978 30.89457 31.06087 30.93587 30.47609 29.83043 29.69239 29.94348 30.0163 31.19022 31.975 31.83804 31.63696 32.06848
-9999 -9999 -9999 -9999 31.89239 31.85761 31.6087 31.6163 31.59783 31.47935 31.54022 31.61304 31.57283 31.66739 31.62174 31.75761 31.94674 31.92283 31.88696 31.90326 31.92609 31.93696 31.95435 32.31304 32.28587 32.34348 32.275 32.1087 32.0663 32.14239 32.23152 31.98152 32.23043 32.3163 32.21196 31.79565 31.38152 31.37609 31.60543 31.7337 31.92717 31.3913 31.45217 31.69239 31.81196 31.99348 31.34022 31.30869 31.62283 31.56196 31.73261 31.92826 31.75 31.89674 31.59456 31.2587 30.68478 30.27283 30.55869 30.99457 31.25978 31.37826 30.57717 31.425 31.68261 32.10978 32.21196 32.02826 31.875 32.03478
-9999 -9999 -9999 -9999 31.87174 31.86087 31.86739 31.79457 31.74022 31.75109 31.63696 31.56087 31.66957 31.78804 31.76739 31.88587 31.975 31.90978 31.94239 31.9913 31.93369 31.94674 32.05652 32.30109 32.27826 32.2413 32.26848 32.26413 32.19783 32.12826 32.05 32.10326 32.04674 32.125 32.03043 31.50435 30.76739 30.775 31.58587 31.44348 31.22935 31.27174 30.54348 30.84239 31.04783 31.44565 31.25326 31.42065 31.33587 31.6587 31.59674 31.52283 31.7837 31.61413 31.5 30.70543 30.5913 29.98696 30.32065 31.11413 31.54891 31.73696 32.03043 31.39239 31.74891 31.85435 31.98152 32.0337 32.07391 32.33261
-9999 -9999 -9999 31.75761 31.71196 31.70978 31.86848 31.89674 31.87283 31.83478 31.73043 31.66957 31.78044 31.80652 31.81196 31.89239 31.8837 31.94456 32.05761 32.1 32.05326 32.0663 32.08261 32.23696 32.24674 32.29131 32.35761 32.30217 32.11413 31.9913 31.87391 31.59565 31.53152 31.83804 31.52609 31.1 31.07174 30.96848 31.34456 31.17391 30.81631 31.25109 30.54348 30.84239 31.04783 31.44565 31.25326 31.42065 31.33587 31.6587 31.59674 31.52283 31.7837 31.61413 31.5 30.70543 30.5913 29.98696 30.32065 31.11413 31.54891 31.975 31.38043 30.75217 31.29022 31.60435 31.70978 31.71413 31.88043 32.28152
-9999 -9999 -9999 31.73804 31.75543 31.8 31.86848 31.89674 31.87283 31.83478 31.73043 31.66957 31.78044 31.80652 31.81196 31.89239 31.8837 31.94456 32.05761 32.1 32.05326 32.0663 32.08261 32.23696 32.24674 32.29131 32.35761 32.30217 32.11413 31.9913 31.87391 31.59565 31.53152 31.83804 31.52609 31.1 31.07174 30.96848 31.34456 31.17391 30.81631 31.25109 31.24457 31.15 31.25326 31.40217 31.56413 31.53804 31.26413 31.35543 31.40326 31.4663 31.42174 31.56631 31.02283 30.51304 30.65761 30.76739 31.17174 31.38261 31.54457 31.975 31.38043 30.75217 31.29022 31.60435 31.70978 31.71413 31.88043 32.28152
-9999 -9999 -9999 31.73804 31.75543 31.8 31.89674 31.97717 31.88152 31.83587 31.85543 31.83913 31.83804 31.82283 31.8587 32.01087 31.94674 31.93369 32.03261 32.04782 31.94891 31.9663 32.04348 32.19348 32.26522 32.22283 32.19456 32.12174 31.84348 31.41196 31.26848 31.34348 31.81739 32.00652 32.01957 31.5837 31.05761 31.43044 31.90978 30.68804 30.57065 30.71304 31.29348 31.41739 31.55435 31.53696 31.62174 31.50217 30.98913 31.40326 31.45 31.55869 31.05435 30.82174 31.23913 31.01522 31.24239 31.30544 31.54239 31.61087 31.58478 31.675 31.53696 31.44456 31.68044 31.84239 31.77609 31.56522 31.35978 31.37935
-9999 -9999 -9999 31.84565 31.8663 31.91304 31.86087 31.85543 31.83587 31.81739 31.83804 31.88478 31.89239 31.91413 32.10109 32.20218 32.01522 32.00435 32.12717 32.225 32.2337 32.19022 32.36739 32.29674 32.29457 32.21087 32.15109 32.0087 31.56739 31.05 31.12609 31.2413 31.86739 31.79022 31.93478 32.0587 31.71196 31.13804 31.87826 31.60652 30.92065 30.9587 31.21196 31.6163 31.69891 31.725 31.65978 31.49022 31.62391 31.57065 31.69783 31.78696 31.45652 31.37283 31.27609 30.93696 31.33478 31.62935 30.86196 30.97826 31.77935 32.03913 32.04022 31.93913 31.97609 32.24891 32.23043 31.99891 31.60109 31.57283
-9999 -9999 31.9587 31.97935 32.02935 32.00978 31.91848 31.7337 31.72283 31.83043 31.92391 31.99239 32.03152 32.09783 32.28913 32.38478 32.35217 32.24891 32.21957 32.25326 32.25435 32.23913 32.28696 32.39457 32.33913 32.27717 32.2337 32.10652 31.81631 31.51522 31.79783 31.84783 32.21196 32.24891 32.35978 32.38478 32.06522 31.64239 31.97391 31.89674 31.175 31.40326 31.68261 31.56522 31.72283 31.79348 31.67065 31.74674 31.74348 31.71304 31.76522 31.74783 31.74457 31.33913 31.53478 31.80435 31.7413 31.58913 31.7337 32.00109 32.09457 31.97391 32.16522 32.04674 32.00326 32.33261 32.14022 32.16304 32.35543 32.27826
-9999 -9999 32.05761 32.04565 31.9837 32.07935 32.01739 31.82174 31.76957 31.875 31.96304 31.975 31.99891 32.08587 32.29022 32.36739 32.35543 32.25217 32.24348 32.275 32.22283 32.15326 32.11522 32.23587 32.21304 32.21413 32.19456 32.17391 32.16957 32.0587 31.75543 31.87826 32.19456 32.28043 32.35109 32.34348 32.15543 31.95326 32.06739 32.125 31.41087 31.81413 31.67174 31.72717 31.76522 31.73804 31.79565 31.55544 31.34239 31.0913 31.39674 31.63261 32.0087 31.775 31.86196 32.02609 31.86522 31.86196 31.93478 32.04239 32 31.8913 32.06956 32.15652 32.11087 32.46739 32.08043 32.23478 32.63478 32.54239
-9999 32.04674 32.12717 32.0663 32.0087 32.04022 32.03152 31.95326 31.95109 31.88152 31.88152 31.89783 32.0163 32.01196 32.07391 32.14565 32.17174 32.17609 32.29348 32.38152 32.33913 32.26087 32.09565 32.21739 32.22826 32.22174 32.0587 32.00217 32.11522 32.04348 31.70652 31.87609 32.21957 32.32718 32.36196 32.36956 32.24674 32.07718 32.44674 32.29131 32.0337 31.89348 31.71304 31.65435 31.71956 31.60652 31.57717 31.51739 31.30652 30.92174 31.27935 31.75761 31.81956 32.0913 32.42717 32.225 31.69891 31.36196 31.6 31.8413 31.45978 31.28152 32.07826 31.83913 31.89674 32.63804 32.50544 32.45761 32.6163 32.57826
31.99565 32.09674 32.14891 32.1 32.08369 32.09022 32.11956 32.07391 32.04891 31.99022 31.94131 31.91304 31.99457 31.96956 31.95761 31.98043 32.04782 32.23152 32.22826 32.27065 32.38913 32.30217 32.08043 32.32391 32.31304 32.29457 32.07609 31.96739 32.00978 31.92283 31.90761 31.74239 32.14457 32.37391 32.46739 32.52283 32.46196 32.30978 32.57609 32.48261 32.45109 32.25217 32.1913 32.00326 31.85543 31.575 31.44674 31.72283 31.41304 31.22391 31.05652 31.57174 32.08696 32.22826 32.14674 31.7337 31.4837 31.42609 31.51848 31.90217 32.13152 32.27391 32.25217 31.97391 32.48913 32.89565 32.60978 32.43044 32.58478 32.82283
31.99457 32.06848 32.16522 32.12065 32.07283 32.0163 32.05544 32.13152 32.0587 31.97065 31.92283 31.975 31.94891 31.93261 31.95 31.94239 32.11087 32.12609 32.09565 32.09783 32.2163 32.34457 32.29131 32.30978 32.2587 32.2 31.95 31.8587 31.95109 31.97391 32.04457 32.03804 32.35652 32.49565 32.58804 32.60326 32.54239 32.46522 32.59348 32.45761 31.97609 32.37826 32.04131 32.18261 32.26848 31.82065 31.50109 31.56522 31.53804 31.32283 31.03804 31.06087 32.4337 32.26848 31.85543 31.33261 31.44131 31.50435 31.67283 32.09565 32.48804 32.69022 32.39674 32.35543 32.54022 32.96957 32.67826 32.47283 32.70218 33
-9999 32.11739 32.16087 32.11848 32.05435 31.98261 31.92283 32.09348 32.08261 31.975 31.94565 31.90435 31.95761 31.93044 31.95 32.15543 32.09783 32.05761 32.04782 32.04131 32.15652 32.36848 32.45435 32.19022 32.26304 32.13261 32.08913 31.95435 31.79565 31.84783 32.025 32.18696 32.67065 32.68261 32.72391 32.52065 32.26196 32.36087 32.45652 31.93587 31.56413 32.26739 31.74891 31.95217 32.41304 32.19022 31.81522 31.77283 32.06196 31.91848 31.6663 31.42283 32.20218 32.2337 31.58043 31.14674 31.42609 31.10761 31.6663 32.38261 32.72826 32.77717 32.28804 31.87826 32.67391 33.10217 32.8837 32.83152 32.92174 32.94022
-9999 32.08043 32.08696 32.0913 32.02065 31.90978 32.07718 32.10543 31.98261 31.85217 31.8587 31.86739 31.94674 31.96739 31.99239 32.07718 31.96087 31.92826 32.03696 32.16087 32.26087 32.33043 32.35217 32.16848 32.19674 32.22826 32.0913 31.63804 31.3913 31.68696 32.00109 32.25 32.56413 32.76739 32.78261 32.44783 32.27391 32.52609 32.4663 32.35 31.875 32.30109 31.71304 32.0587 32.29457 32.22935 32.00217 31.80869 32.52065 32.40217 32.18804 32.09891 32.33043 32.32065 31.78804 31.25217 31.3837 31.6 31.99022 32.43804 32.7163 32.81522 32.85217 32.45978 32.925 33.14674 32.92717 32.84783 32.92717 32.95109
-9999 -9999 31.96196 31.9837 31.93696 31.90326 31.79674 31.76196 31.75543 31.85217 31.8587 31.86739 31.94674 31.96739 31.99239 32.07718 31.96087 31.92826 32.03696 32.16087 32.26087 32.33043 32.35217 32.16848 32.19674 32.22826 32.0913 31.63804 31.3913 31.68696 32.00109 32.25 32.56413 32.76739 32.78261 32.44783 32.27391 32.52609 32.4663 32.35 31.875 32.30109 31.71304 32.0587 32.29457 32.22935 32.00217 31.80869 32.52065 32.40217 32.18804 32.09891 32.33043 32.32065 31.78804 31.25217 31.3837 31.6 31.99022 32.43804 32.7163 32.81522 32.85217 32.45978 32.925 33.14674 32.92717 32.84783 32.92717 32.95109
-9999 -9999 31.96196 31.9837 31.93696 31.90326 31.79674 31.76196 31.75543 31.85978 31.89348 31.85109 31.95326 31.99022 31.99457 31.98152 32.20326 32.08152 32.19456 32.27174 32.32609 32.39565 32.18261 32.21087 32.37391 32.01304 31.80978 31.4163 31.22717 31.75435 32.31522 32.45761 32.50652 32.78261 32.86196 32.68804 32.57283 32.40543 31.79022 31.84239 32.03587 31.59239 31.14348 31.32065 31.66196 31.76413 31.89022 31.39239 32.10543 32.41304 31.96848 32.30544 32.56956 32.53261 32.45761 32.21196 32.325 32.2663 32.04022 32.30435 32.49783 32.57174 32.94674 32.88152 33.07065 33.18152 33.06956 32.97717 32.99239 33.05217
-9999 -9999 -9999 31.89348 31.83587 31.81956 31.8337 31.76848 31.82826 31.89239 31.89457 31.91304 32.06413 32.03804 32.15652 32.16848 32.30435 32.08261 32.13152 32.18913 32.24022 32.33261 32.04782 32.34239 32.30326 32.025 31.50109 31.54457 31.83804 31.99348 32.4913 32.40109 32.85 32.89348 32.67282 32.61087 32.50109 32.1837 32.09565 32.20869 31.96739 31.86413 31.20761 31.48261 31.75543 31.86957 31.28804 32.1337 32.61739 32.52391 32.32065 32.58478 32.65109 32.68478 32.62283 32.55 32.68696 32.42065 31.61413 32.19783 32.57826 32.125 32.32609 32.21413 32.225 33.08587 33.16631 33.16196 33.17717 33.14457
