data/maps/tmax.txt
ncols         643
nrows         661
xllcorner     8446.4670181785
yllcorner     47745.068022667
cellsize      1000
NODATA_value  -9999
[rows 279 to 309 of 661, columns 280 to 349 of 643]
19.02959 18.59863 18.4737 18.69096 19.19014 19.40356 19.96849 20.06986 19.51068 19.07288 19.91288 20.04767 19.95288 20.15726 20.46466 20.1126 20.53123 20.83315 20.94246 21.04356 20.95479 21.01808 21.01534 20.78548 20.7137 20.95014 20.77397 20.36548 19.42274 19.56795 20.18192 20.54137 20.83068 20.93425 21.06192 20.98164 20.8989 20.76822 20.38603 19.76657 19.66603 19.55397 20.43589 19.95781 19.26904 19.23507 19.41781 20.02301 20.07288 19.73233 19.92493 19.67178 19.40493 19.22575 19.25178 19.50986 20.21644 20.62931 20.43041 20.36712 20.41178 20.29507 20.57288 20.62356 20.38658 20.34247 20.36356 20.18055 19.70521 19.82137
19.13918 19.02959 18.6074 18.5526 19.46164 19.8937 19.66877 19.56356 19.43945 19.20027 18.98712 18.69671 19.19534 20.15315 20.11699 19.37041 20.64082 20.85425 20.91397 21.01945 20.90959 20.88438 21.03671 21.03233 20.84384 21.0074 20.4189 20.04082 19.61315 20.0389 20.42521 20.60329 20.98164 21.09616 21.15479 21.11096 21.05233 20.91644 20.72767 20.41233 19.6474 19.54931 20.35452 20.19945 19.90219 19.67534 19.39562 19.91507 20.47836 20.03753 19.84329 19.94493 19.60137 18.83534 20.02822 20.35096 20.13288 20.07479 20.23096 20.36712 20.41178 20.29507 20.57288 20.62356 20.38658 20.34247 20.42959 20.3726 19.87726 20.03781
18.81644 18.8011 18.77808 19.41452 19.89096 19.13945 19.3074 19.37206 19.5726 19.41288 18.46383 18.09644 19.43945 20.03096 20.24959 19.52027 20.70685 20.8063 20.85288 20.9789 20.95973 20.80904 20.94767 21.09753 21.13836 21.1463 20.25507 20.4011 20.42521 20.22082 20.30548 20.56849 20.79973 21.08575 21.2811 21.21808 21.18932 21.10849 20.98932 20.7063 19.88931 19.72575 20.27041 20.5148 20.34548 19.9389 19.58822 19.4537 19.81589 20.04931 19.3074 19.72877 19.77507 19.72301 19.49425 19.40493 19.75973 20.18055 20.3074 20.1674 20.30603 20.48356 20.32411 20.76055 20.31671 20.28493 20.42959 20.3726 19.87726 20.03781
18.81644 18.8011 18.77808 19.59205 19.71644 19.24301 19.54329 20.11452 19.85699 19.28164 18.26301 18.34 19.71452 19.98356 20.48329 20.10329 20.75589 20.75452 20.75452 20.8989 21.0126 21.02822 20.80795 20.9011 21.11726 21.05123 20.5589 20.81507 20.75616 20.44164 20.66822 21.03342 21.05671 21.10247 21.26301 21.26959 21.28027 21.25096 21.22521 21.16603 20.95342 20.66329 20.56466 20.75753 20.56959 20.02411 19.48274 19.23507 19.61589 19.93096 19.20466 19.85397 19.93836 20.0389 19.79973 19.29616 19.70329 20.1937 20.49397 20.61617 20.47726 20.5526 20.60712 20.23726 20.34685 20.51836 20.51425 20.51507 20.6011 20.41479
18.70575 18.61452 18.87644 19.59205 19.71644 19.24301 19.54329 20.11452 19.85699 19.28164 18.26301 18.34 19.71452 19.84247 20.54219 20.51589 20.8063 20.84192 20.89425 20.85205 20.94794 20.85397 20.01973 20.41726 21.10575 20.98329 20.85425 20.69808 20.71479 20.95617 21.15123 21.22383 20.98493 20.48959 21.28931 21.32055 21.30877 21.34109 21.36301 21.34603 21.29288 21.22219 21.14274 20.95699 20.83863 20.68657 20.37479 19.6537 19.7211 19.82575 19.41808 19.73918 20.2263 20.46877 20.09507 19.63671 19.52219 20.11562 20.33425 20.28356 20.29616 19.91918 20.4526 20.51836 20.60986 20.63534 20.56247 20.46356 20.34137 20.46247
18.69479 19.14493 19.61123 19.86712 20.05014 19.85178 19.50082 19.80247 19.82438 19.20438 18.99452 19.43973 20.02274 19.84247 20.54219 20.51589 20.8063 20.84192 20.89425 20.85205 20.94794 20.85397 20.41753 20.73534 21.00411 21.22027 21.09233 20.93973 21.21781 21.11808 21.17342 21.10027 21.03096 21.33041 21.41288 21.34657 21.39945 21.49288 21.49781 21.44411 21.43123 21.43123 21.3463 21.22137 20.85041 20.52219 20.41945 20.1748 19.71315 19.46658 20.21754 20.12329 20.50164 20.67836 20.08603 20.22575 19.7463 19.95589 20.08575 20.33781 19.97425 19.98 20.31808 20.26027 20.51342 20.46247 19.98767 19.76356 19.84356 20.00904
18.97918 18.88822 18.9663 19.57041 20.32986 20.12384 19.52822 19.76082 20.40027 20.29863 20.22356 20.20794 20.59781 20.5326 20.48877 20.61644 20.66329 20.82849 20.73644 20.19342 20.11096 20.31123 20.41753 20.73534 21.00411 21.22027 21.09233 20.93973 21.21781 21.11808 21.18384 21.15891 21.15644 21.01808 21.28219 21.24274 21.27507 21.36822 21.48548 21.55507 21.54931 21.55781 21.34986 21.39397 21.26055 20.8611 20.36384 20.07288 20.03178 19.68822 20.62767 20.84904 20.6137 20.75151 20.48055 20.5337 19.92356 20.28164 20.08082 20.12822 20.14411 20.04466 20.18356 20.31918 20.27288 20.49096 20.44082 19.99562 19.7389 19.78027
19.08164 18.91973 19.55534 20.32904 20.41534 20.34849 19.95041 20.5337 20.17562 20.55233 20.37397 20.09726 19.89014 19.58603 19.81726 20.43699 20.57507 20.87288 20.65863 19.91151 19.15123 19.46685 19.82603 20.29397 20.76411 21.2326 21.18164 21.07863 21.12 21.29014 21.18384 21.15891 21.15644 21.01808 21.28219 21.24274 21.27507 21.36822 21.58685 21.62712 21.67452 21.60712 21.58219 21.39233 21.30849 21.16575 20.98 20.58274 19.85288 19.54877 20.16356 20.17918 20.31918 20.82301 20.79671 20.35918 20.21808 20.39041 20.16192 20.28438 20.26521 20.32384 20.18466 20.50055 20.69096 20.52247 20.41781 20.3337 19.94712 20.10164
19.74712 19.83918 19.76493 19.87425 20.21178 20.3326 19.74466 19.57562 19.19534 19.13233 19.71397 19.80822 18.96959 19.83589 20.18521 20.27753 20.63726 20.92466 20.53945 19.5674 18.63397 19.07096 20.11233 20.4211 20.76 21.13644 20.98658 20.8389 20.93726 20.98959 21.24356 21.11781 20.86959 20.82986 21.22986 21.4589 21.43342 21.53534 21.58685 21.62712 21.67452 21.60712 21.58219 21.39233 21.30849 20.91178 21.07726 20.64137 20.02329 20.23343 19.60301 20.32603 20.60493 20.80603 20.89699 20.62329 20.88466 20.39945 20.33151 20.61644 20.45123 20.16329 20.2874 20.74795 20.70794 20.59178 20.17918 20.13069 19.92904 20.10603
19.2411 19.39041 19.48329 19.41699 19.58384 20.10849 19.99425 19.0926 19.34932 19.73041 19.71808 19.78164 20.39206 20.45753 20.34466 20.55014 20.88712 20.90329 20.4674 19.62685 19.59918 20.01534 20.01863 20.62356 21.05699 21.18822 20.70712 20.73753 21.11069 20.80329 21.15644 21.11233 20.88247 20.79589 20.88082 21.27753 21.40411 21.5611 21.66356 21.68 21.68521 21.72 21.71644 21.36384 20.7863 20.91178 21.07726 20.64137 20.02329 20.23343 19.60301 20.32603 20.28192 20.59342 20.92986 20.77479 20.72959 20.36877 20.17644 20.6337 20.66493 20.20356 20.51096 20.69726 20.83945 20.73808 20.40301 20.45973 20.52877 20.42164
19.25068 19.20027 19.71863 19.83123 19.76466 20.30877 19.80164 18.75836 19.88658 20.35507 20.6863 20.7611 20.71836 20.12055 20.65671 20.98329 20.96959 19.90356 19.98685 19.98438 20.31808 20.63342 20.67945 20.94521 21.11836 20.84247 20.48767 20.77644 21.29014 21.08493 21.24767 21.23918 21.19069 21.22164 21.08904 21.03808 21.35014 21.50466 21.62767 21.68192 21.68712 21.70959 21.70986 21.52767 21.32411 21.36931 21.28767 21.01452 20.87836 20.90274 19.92795 20.70411 20.28192 20.59342 20.92986 20.77479 20.72959 20.36877 20.17644 20.62082 20.58 20.28712 20.75178 20.98712 21.13288 20.94329 20.6411 20.58521 20.46438 20.28548
19.37671 19.00466 19.47288 20.09973 19.98849 19.48466 19.89206 18.76575 20.38712 20.71754 20.89233 20.92219 20.79425 20.98986 21.11534 21.07288 20.88521 19.13315 18.37534 18.62822 19.68274 19.86356 20.56274 21.00986 20.82712 19.97836 20.28329 20.71699 21.33425 21.35562 21.16438 21.18822 21.18356 20.97808 20.71534 20.98274 21.20712 21.36493 21.5011 21.54986 21.57781 21.61726 21.5937 21.51562 21.44794 21.24849 20.94986 20.86794 21.05534 20.88164 19.92685 20.72795 20.55342 20.82411 20.92712 20.69671 20.23206 19.92082 20.4389 20.62082 20.58 20.28712 20.75178 20.98712 21.13288 21.07534 20.67589 20.56164 20.55808 20.39288
19.16411 19.0652 19.42904 19.60521 19.14301 18.48274 18.75205 19.11123 19.0537 20.78986 20.98603 21.0537 21.11123 21.1926 21.14329 21.05863 20.55479 18.90301 17.72 17.08 18.04603 18.85562 20.60274 21.03342 20.76767 20.12767 20.62356 21.22192 21.40493 21.39973 21.03945 21.01726 20.92521 20.53342 20.0137 20.71754 20.99425 21.11617 21.34027 21.41479 21.39644 21.43014 21.44548 21.32603 21.39096 21.23151 21.17973 21.20164 21.08877 20.82 20.93507 21.11123 20.93644 20.90904 21.02329 20.93836 20.48137 20.48685 20.68274 20.70356 20.57178 20.58082 21.04055 21.0389 21.03671 21.07534 20.67589 20.56164 20.55808 20.39288
19.16411 19.0652 19.55288 19.17616 18.45315 18.03836 18.4663 18.86246 19.23918 20.79342 20.81808 20.93973 21.08657 21.14247 21.15616 20.86384 20.01123 18.28246 16.92986 16.90849 19.12685 20.44246 21.02247 20.19288 19.91205 20.53836 21.32082 21.33644 21.34712 21.36055 21.28466 20.99288 20.92301 20.55671 20.07808 19.85589 20.93151 20.97014 21.01534 21.1989 21.24466 21.21589 21.31589 21.21781 21.26438 21.23973 21.21206 21.07808 20.90548 20.92986 21.04548 20.73397 21.1137 20.82493 21.09753 20.80931 20.16849 20.43781 20.79562 20.74657 20.79945 20.79726 21.17425 21.00548 20.75041 21.14438 20.76027 20.58055 20.52767 20.43644
19.17699 19.49068 19.55288 19.17616 18.45315 18.03836 18.4663 18.86246 19.23918 20.79342 20.81808 20.93973 21.04548 21.14356 21.01781 20.33644 19.86164 19.54575 18.03096 18.31726 19.72411 20.82411 20.56247 18.47397 19.34877 20.1874 21.18767 21.31918 21.42959 21.35425 21.27397 21.25288 21.13397 20.76986 20.47973 20.00959 20.22575 20.46712 20.61342 20.88795 21.0326 21.07753 21.13644 20.95507 21.09945 21.15891 21.23233 21.28904 21.29699 21.18082 20.88466 20.83562 21.14 20.65425 20.90329 20.97041 20.57178 20.24712 20.62384 20.32164 20.9189 20.80904 21.10932 20.87014 20.78384 20.93589 20.97397 20.87233 20.84027 20.69342
19.43863 19.62959 19.30493 18.91808 18.27342 18.03781 18.83781 18.62575 20.16082 20.07808 19.81041 20.34521 21.04548 21.14356 21.01781 20.33644 19.86164 19.54575 18.03096 18.31726 19.72411 20.67123 20.32493 18.41233 18.96329 19.31123 20.70384 21.2063 21.34 21.10794 21.2811 21.3189 21.01973 21.05096 21.12658 20.04603 19.72247 20.5011 20.64082 20.75671 20.88904 20.88438 20.78411 20.81753 21.02219 21.08384 21.07068 21.09342 21.13096 21.16247 21.19808 20.94521 21.20767 20.6274 20.84794 21.10904 20.72274 19.99315 20.67945 21.08466 21.20027 21.23425 20.99151 20.89945 20.68959 20.8 20.86849 20.40548 20.58822 20.8663
19.77507 19.64 19.22274 18.88 18.58822 18.52658 18.70548 18.36466 19.91808 19.75808 19.2811 20.08274 21.0589 21.03699 20.86438 20.3726 20.37726 20.40658 19.35699 19.85671 20.45096 20.67123 20.32493 18.41233 18.96329 19.31123 19.86822 21.2063 21.34 21.10794 21.22356 21.36603 21.42767 21.32438 20.97699 20.5674 20.65151 20.28712 20.22795 20.41205 20.71315 20.66301 20.43397 20.68438 20.99671 21.12959 20.92822 20.89123 20.96493 21.04274 21.17616 21.15781 21.24849 20.72247 20.84329 21.01452 20.76356 20.71342 21.12055 20.78658 20.35781 20.55069 20.9852 21.11151 20.82986 20.5726 20.87014 20.02274 20.22027 20.63644
19.71014 18.76493 18.75397 18.5148 18.69808 19.06877 19.17452 19.55178 20.44685 20.61233 20.43589 20.75534 21.01315 20.70849 20.33233 19.7337 19.20904 19.33452 18.61014 18.96877 19.64301 19.85945 20.06959 18.59151 18.7737 19.09534 19.68767 21.15726 21.21562 21.53671 21.22356 21.36603 21.42767 21.32438 20.97699 20.57753 20.65151 19.29178 19.29342 19.93233 20.31343 20.46247 20.55781 20.66164 20.81233 20.89863 20.76767 20.73836 20.83616 20.9126 20.91233 20.97425 20.97014 21.21452 21.2463 21.19096 21.16192 21.06274 20.80767 20.92849 20.54329 20.90712 20.90822 20.86411 20.84575 20.87315 20.94849 20.86246 20.78904 20.72356
19.53151 19.05233 19.4063 19.41425 19.21671 18.89397 18.76356 19.50027 20.78712 21.05616 21.06082 21.06877 21.00712 20.74904 20.30493 19.92247 18.13315 17.94219 17.90192 18.36794 18.72438 19.27452 19.62219 19.46055 19.34767 18.79562 19.23671 21.18329 21.37397 21.42301 21.40274 21.41014 21.44904 21.35069 20.96767 20.68794 19.96685 19.29178 19.29342 19.93233 20.31343 20.46247 20.55781 20.66164 20.79425 20.64 20.78521 20.68986 20.77534 20.81315 20.68466 20.99918 20.68521 21.12931 21.19288 20.93808 20.91397 21.09425 20.71041 21.20274 20.82795 20.73178 20.94904 20.97863 20.79726 20.80493 21.06548 20.9189 20.22795 19.94767
19.81151 18.72959 18.90438 18.74904 18.51644 18.63562 19.18657 19.99151 20.9063 21.1 21.11452 21.09397 21 20.73562 20.24767 19.59068 18.01452 18.06986 18.30274 18.66027 18.6937 18.88027 19.64055 20.44548 20.01096 19.81425 20.2937 21.01041 21.05096 21.18493 20.53945 20.91781 21.31863 21.48164 21.41863 21.27315 19.80301 19.84822 18.56548 18.86055 19.64164 20.24603 20.37836 20.28356 20.58603 20.64 20.78521 20.68986 20.77534 20.81315 20.68466 20.99918 20.70986 20.97206 21.10712 20.76849 20.63562 21.04 21.17041 21.20356 20.87069 20.45534 21.01945 21.12603 21.04986 21.05096 20.82904 20.72877 20.58438 19.72383
19.4074 19.5526 19.29808 19.35096 18.61014 18.48137 19.20192 19.81945 20.75014 20.97616 21.03617 20.95753 20.50192 20.1137 20.22055 20.22192 19.66219 19.65699 19.56384 19.81753 19.7874 19.29342 19.38877 20.59205 20.71397 20.51178 20.62877 20.14712 20.31397 20.37479 19.66082 20.97233 21.31781 21.44493 21.39178 21.27233 21.02274 20.83233 19.9737 19.26329 19.48822 20.14356 20.49973 20.50548 20.65918 20.80192 20.88849 20.82027 20.78794 20.86767 20.95178 20.98164 20.70986 20.97206 21.10712 20.76849 20.63562 21.04 20.62137 21.20329 21.18548 21.16219 21.22164 21.04959 20.90767 20.78822 20.17644 19.6463 19.19123 18.89151
18.67562 18.91096 19.02 17.99699 18.30795 18.91233 19 19.06685 19.79041 20.58356 20.96329 20.39726 20.11479 20.07343 19.96767 20.12055 20.6989 20.69808 20.63863 20.68356 20.50329 19.96767 20.1674 20.80274 20.60959 20.94986 20.36986 19.46466 19.79233 19.80247 19.73397 20.88849 21.27973 21.42932 21.16877 20.87315 19.61918 20.06904 20.4663 20.47479 19.84329 19.92712 20.41315 20.60493 20.60658 20.6789 20.79315 20.93616 21.02658 21.03973 21.09068 21.16 21.00822 21.07863 20.88658 20.22329 20.17425 20.62 20.62137 21.20329 21.18548 21.16219 21.22164 21.04959 20.90767 20.56027 19.62548 19.61863 19.67151 19.4326
17.61644 18.43123 18.9 17.98548 18.39041 18.64247 18.1337 17.77123 18.4211 19.97644 20.55206 20.19315 19.14329 18.59096 18.84164 18.79342 19.93863 19.79342 20.71288 21.13288 21.09507 20.96575 21.11315 21.28959 20.38767 21.16219 20.60164 19.54438 20.1874 20.52164 20.7674 20.78274 21.3389 21.50877 21.44438 21.20055 19.90027 19.15918 19.45342 19.62192 19.71836 20.23534 20.67781 20.70986 20.59644 20.86356 20.92219 20.99178 20.8874 20.86301 21.02959 21.17726 21.01288 20.97014 20.40603 19.89808 20.0148 20.35808 20.48466 20.90164 20.82192 20.88795 20.96959 21.1411 20.99644 20.56027 19.62548 19.61863 19.67151 19.4326
17.61644 18.58904 18.27041 18.84219 18.79562 18.15534 17.46603 17.48164 18.65781 20.07397 20.07397 20.29096 19.49288 18.49205 18.31781 18.71069 19.88438 20.46055 20.12411 20.3252 20.9337 21.23836 21.27123 21.37671 21.16767 21.22959 21.20548 20.83343 20.69069 21.20548 21.34959 20.86027 21.3863 21.50685 21.39096 21.27945 20.63452 20.45863 19.82932 19.68247 19.68575 20.05699 20.44822 20.71178 20.84109 21.0137 20.68932 20.64767 20.6926 20.78356 20.96356 21.06274 20.86301 21.22904 20.35151 20.12164 20.54164 20.83918 20.78137 20.80137 20.47014 20.71315 20.56164 21.12219 21.13342 20.97342 20.80219 20.70301 20.43315 20.57808
17.75014 18.58904 18.27041 18.84219 18.79562 18.15534 17.46603 17.48164 18.65781 20.07397 20.07397 19.75507 19.56247 19.82438 19.37206 18.42932 19.72192 20.67151 20.43178 19.81836 20.46658 20.72767 20.68329 21.11726 21.25589 21.36438 21.43644 21.42493 21.32301 21.48685 21.47151 21.20767 21.34055 21.48986 21.3011 21.22658 21.10767 20.86192 20.75836 20.56548 19.86685 20.19205 20.58575 20.69808 20.72849 20.8252 21.06137 20.75233 20.5811 20.49151 20.75863 21.19342 21.19178 21.14575 21.08767 20.9674 20.8137 20.80658 20.64795 20.22274 20.62575 20.8526 20.68521 20.91014 21.11781 21.13534 21.0663 20.95479 20.88 20.82685
18.70247 18.32137 17.95671 18.70137 18.51973 17.82575 17.78904 18.46822 19.1189 19.9737 20.42877 19.75507 19.56247 19.82438 19.37206 18.42932 19.72192 20.67151 20.43178 19.81836 20.84466 20.47425 19.74575 20.43069 21.22685 20.20329 21.09836 21.43342 21.53425 21.53863 21.54986 21.53507 21.4674 21.4674 21.43836 21.43562 21.34274 21.16274 21.0663 20.76959 20.43425 20.61123 20.73973 20.70822 20.72849 20.80274 21.05315 21.01534 21.02521 20.47479 20.20548 20.61644 21.12082 21.2537 21.29945 21.09726 21.18877 20.8337 20.36658 20.18 20.37644 20.56767 20.38466 20.47096 20.73534 20.64384 20.74137 21.06685 20.97178 20.84055
19.50466 18.73973 19.72521 19.14 19.02658 18.85123 19.04959 19.57205 19.87288 20.02356 20.46356 20.4874 20.36384 20.53315 20.41397 19.69397 19.46658 20.2274 21.00657 20.42329 20.84466 20.47425 19.74575 20.43069 21.22685 20.20329 21.09836 21.43342 21.53425 21.42685 21.23671 21.48027 21.51425 21.52767 21.56137 21.53315 21.4674 21.32548 21.10849 21.19315 21.13233 21.06 20.74932 20.44246 20.47342 20.86411 20.71616 20.60575 20.86794 20.65891 20.36411 20.54795 21.08082 21.26959 21.18959 19.74493 20.38712 20.4052 20.21452 20.44603 20.35699 20.5189 20.22521 20.68685 20.68767 20.36274 20.36384 20.91534 20.95699 20.80849
19.86685 19.89206 20.04 19.34932 19.6263 19.63973 19.52603 19.6074 19.46411 18.65014 20.67425 20.93205 20.2274 20.4526 20.73945 20.29425 20.74274 20.89096 21.01151 20.87123 20.9926 20.80685 20.41288 20.72548 21.13808 20.26384 21.16657 21.47863 21.54027 21.42685 21.23671 21.48027 21.51425 21.52767 21.56137 21.53315 21.4674 21.3863 21.32329 21.44466 21.3874 21.19342 20.6 20.44219 20.77452 21.04959 20.66685 20.95973 20.60274 20.57945 20.65178 20.77041 21.03096 21.19753 21.02959 19.9474 20.1874 20.39863 20.51671 20.65699 20.54658 20.74932 20.5526 20.96 20.5948 20.43616 20.51014 20.8137 20.86356 20.51753
19.57534 20.04521 19.9926 19.5 19.29096 19.47425 19.34849 19.02685 18.46383 17.67507 20.42493 21.01233 20.80274 20.68822 20.89753 20.98137 20.68712 20.91945 20.84603 21.45151 21.47753 21.44521 21.39699 21.36411 21.38137 21.61123 21.52877 21.59699 21.39699 21.27205 21.33041 21.37178 21.47836 21.50822 21.55069 21.5326 21.34767 21.3863 21.32329 21.44466 21.3874 21.19342 20.6 20.44219 20.78164 20.85041 20.77425 20.58822 20.35014 20.41041 20.43069 20.47178 20.71397 21.14247 21.1989 20.53699 20.59753 20.74411 20.54904 20.19233 20.26822 20.57973 20.87699 20.95918 20.62904 20.49479 20.40986 20.3674 20.45699 20.15397
18.80247 19.13288 19.96822 19.7537 19.17288 19.03945 18.99151 18.54795 17.94466 18.09616 20.63233 21.06767 21.05342 20.83753 20.8537 21.16192 21.44164 21.23863 21.19589 21.02 21.18521 21.27617 21.42548 21.62329 21.63616 21.6126 21.52849 21.51014 21.46575 21.39452 21.35288 21.27534 21.41507 21.49644 21.50603 21.55041 21.38931 21.52356 21.48685 21.41616 21.35041 21.26192 20.89507 20.68575 20.78164 20.85041 20.77425 20.58822 20.35014 20.41041 20.43069 20.54521 20.76192 21.05918 21.1726 20.97096 20.95479 21.06384 20.80685 20.42548 20.5337 20.93014 21.09041 20.80438 20.53589 20.55699 20.54931 20.43205 20.30027 20.31343
18.1789 17.95288 19.21315 20.11452 19.25315 18.50411 18.9263 18.60603 17.98027 18.86 19.8674 20.3463 21.19836 21.19836 21.2063 21.52575 21.61425 21.35616 21.21233 20.89206 20.87699 21.19315 21.60767 21.58959 21.48822 21.53753 21.52192 21.24795 21.27507 21.00603 21.02055 21.17178 20.40301 21.18384 21.48548 21.55754 21.58932 21.60493 21.47589 21.38082 21.01945 21.36082 21.16712 20.87589 20.73589 20.78137 20.53205 20.35945 20.40274 20.8474 20.6926 20.54521 20.76192 21.05918 21.1726 20.97096 20.95479 21.06384 21.02932 21.13562 21.06959 20.77151 20.57233 21.04712 20.81671 20.75753 20.49836 20.22356 20.28164 20.28986
