data/maps/tmax.txt
ncols         643
nrows         661
xllcorner     8446.4670181785
yllcorner     47745.068022667
cellsize      1000
NODATA_value  -9999
[rows 341 to 371 of 661, columns 350 to 419 of 643]
21.79945 21.81315 22.19589 22.47178 22.55671 22.57014 22.57479 22.51726 22.39233 22.26384 22.2326 22.19753 22.26932 22.23616 22.0526 21.95781 21.82027 21.39425 19.60164 20.75726 20.28082 19.68055 20.51781 21.22329 21.58438 21.64658 21.39918 21.52822 21.63425 21.5652 21.32575 21.07014 20.63699 20.66932 19.89671 19.19973 19.61808 20.64 21.62164 21.7537 21.74082 21.48712 21.63589 21.87342 21.87397 21.70055 21.37644 21.47726 21.52192 21.39206 20.92247 20.20384 20.20164 20.11644 19.48822 18.68247 19.56986 19.71754 19.93069 20.2326 20.10932 19.75753 19.41096 20.01562 20.46658 21.06904 21.23096 21.3063 21.26493 21.6789
21.79945 21.81315 22.19589 22.47178 22.55671 22.52274 22.49616 22.36137 22.14219 22.4137 22.3463 22.25753 22.20274 22.21452 22.10877 21.7326 21.19945 19.93342 20.70219 20.82466 20.46877 20.58767 21.26822 21.45918 21.52521 21.31288 21.32548 21.49562 21.58411 21.64466 21.58685 21.23726 20.86603 20.89342 20.69178 19.65151 18.93288 19.6674 21.54548 21.73616 21.9137 21.85726 21.84109 21.8726 21.61918 20.98959 20.53671 21.19069 21.45808 21.25534 20.7863 20.36849 20.20164 20.11644 19.48822 18.68247 18.55754 19.07041 19.44493 19.88027 19.81151 19.69342 19.64274 19.70986 20.2389 20.74548 21.20794 21.34438 21.14712 21.22082
22.18685 22.34384 22.49781 22.54247 22.53479 22.52274 22.49616 22.36137 22.14219 22.4137 22.3463 22.02219 21.98849 22.00959 22.01123 21.59918 20.6211 21.39671 21.5474 21.36411 21.11479 21.14356 21.40603 21.43918 21.34329 21.12521 21.13973 21.17534 21.23014 21.49452 21.64164 21.50219 21.0674 20.88959 21.15096 20.09342 19.53178 20.26794 21.29562 21.43014 21.65343 21.83233 21.91863 21.90767 21.80767 21.50219 21.0274 21.5011 21.54411 21.35945 20.75205 20.29699 20.00438 19.64795 19.27562 18.60685 18.03808 19.07041 19.44493 19.88027 19.81151 19.51068 19.87507 20.17397 20.04274 20.49644 21.07808 20.71973 20.29589 20.6274
22.46192 22.54603 22.59151 22.52658 22.46466 22.45617 22.40411 22.28521 22.19918 22.18301 22.05069 22.02219 21.98849 22.00959 22.01123 21.59918 20.6211 21.86082 21.72548 21.38329 20.51562 20.47315 21.07753 21.21397 20.79479 19.59973 20.73507 20.38521 20.12082 20.96137 21.49945 21.70247 21.59616 21.26301 21.50986 20.65562 20.27315 20.62712 21.46877 21.31589 21.67699 21.76877 21.86411 21.86904 21.6463 21.05288 20.58329 21.20658 21.28849 21.35342 21.06247 20.75918 20.15534 19.33918 18.90438 18.35151 18.35425 19.00603 19.19069 19.59397 19.75562 19.51068 19.87507 20.17397 20.04274 20.49644 20.49507 20.55206 20.67973 20.79918
22.52274 22.58356 22.57644 22.57233 22.45205 22.35836 22.30959 22.27479 22.2726 22.25096 21.85589 21.61589 21.50027 21.50329 21.57452 21.61617 21.63781 21.86082 21.72548 21.38329 20.51562 20.47315 20.80658 20.81808 19.51315 17.95151 19.50712 19.10356 18.7989 19.76055 20.89452 21.69397 21.8074 21.71233 21.77644 21.21589 20.86493 20.66904 20.92329 21.36438 21.7063 21.82164 21.85644 21.83562 21.80082 21.38712 20.77425 20.85589 21.1874 21.05233 20.63151 20.51315 20.07836 19.09288 18.40356 18.80767 19.3526 19.0411 19.60986 19.94822 19.97918 19.82959 19.8611 20.36548 20.21123 20.21781 20.49507 20.55206 20.67973 20.79918
22.58849 22.59753 22.48082 22.5474 22.53534 22.43699 22.32767 22.28466 22.27534 22.16329 22.17753 21.09425 20.67507 20.64603 20.89288 21.24575 21.45534 21.35699 21.35096 20.95315 19.43397 20.07973 20.80658 20.81808 19.51315 17.95151 19.50712 17.20548 17.57507 19.69452 21.29863 21.60055 21.79616 21.80274 21.94384 21.78794 21.53781 20.69452 20.61753 21.04521 21.59945 21.81178 21.83781 21.84219 21.81726 21.75836 21.59616 21.16986 21.16877 21.17699 20.38849 20.46438 20.41014 19.17068 18.09616 19.16795 19.43069 18.93589 19.7663 20.17178 20.46548 20.38849 20.16822 20.4874 20.24301 19.86 19.8126 20.50904 20.54466 -9999
22.6189 22.43781 22.52904 22.46438 22.58849 22.59753 22.47699 22.29507 22.12192 22.02082 22.01699 20.49918 20.40795 20.27562 20.32082 20.60192 20.69836 20.38192 20.76877 20.4811 18.42657 19.24603 19.95041 19.4663 18.82932 17.9789 18.4389 17.20548 17.57507 18.20192 21.29863 21.60055 21.34575 21.69342 21.88767 21.96658 21.80082 21.41808 21.30658 20.85096 21.62849 21.92548 21.88164 21.8474 21.82575 21.75315 21.64712 21.28192 21.10685 21.06849 21.04274 20.81973 20.5474 19.71754 19.10219 19.88849 19.43096 19.16575 19.52164 20.0674 20.52411 20.6189 20.48466 20.57452 20.2526 20.24329 19.87479 20.57343 20.54466 -9999
22.56685 22.46877 22.42657 22.4348 22.51781 22.58 22.4937 22.30438 22.13069 21.98822 21.74219 20.32932 20.97918 20.93836 20.68301 20.4189 19.97589 19.55206 19.39562 19.1811 18.14247 18.45534 19.03918 19.12521 18.43973 19.03671 17.90767 17.31781 18.18301 19.57616 20.70767 20.16356 21.34575 21.69342 21.88767 21.96658 21.80082 21.41808 21.80658 21.64795 21.8526 21.8811 21.90411 21.74356 21.6452 21.65891 21.72329 21.50055 20.7989 20.8211 20.42438 20.32575 19.73151 19.6937 20.00959 19.74329 19.46137 19.66082 19.42384 20.04575 20.57096 20.70219 20.71616 20.76192 20.38329 20.2452 20.25041 20.18219 20.53726 -9999
22.46082 22.4211 22.32685 22.28411 22.43616 22.52384 22.54959 22.47397 22.31671 22.07562 21.63288 21.08192 21.66904 21.63836 20.96055 20.5926 20.42657 19.7463 19.50795 19.84384 19.04192 19.48822 19.82082 19.64247 18.84521 18.53123 16.9348 17.76 18.17671 18.43315 20.56274 20.18082 20.94329 21.63781 21.74849 21.82384 21.82274 21.81589 21.80658 21.64795 21.8526 21.8811 21.8874 21.61808 21.13178 21.41699 21.79534 21.66603 21.04274 20.91671 20.05397 20.27507 19.63288 19.06411 18.80055 18.94466 19.71041 20.10411 20.02794 20.32192 20.71973 20.92192 20.99068 21.02438 20.58575 20.39644 20.35863 20.24712 20.47041 -9999
22.34493 22.23863 22.28931 22.39397 22.44411 22.54931 22.55507 22.43014 22.2211 21.86904 21.42493 21.01808 21.80548 21.57644 20.77288 20.31644 20.20137 19.8726 20.01068 19.66219 19.4874 20.21123 19.76082 19.04219 18.84603 19.32548 17.92137 18.77808 18.4348 18.32384 19.41315 18.65452 19.47945 21.00274 20.40959 21.01726 21.60301 21.37096 20.78521 20.9011 21.88931 21.93069 21.8874 21.61808 21.13178 21.41699 21.79534 21.73288 21.42438 20.8074 20.31616 20.78274 20.4389 19.86164 18.4348 17.58027 18.89726 19.50849 20.34822 20.54959 20.74329 20.99699 21.11726 20.94521 20.41288 20.64685 20.40164 20.43014 -9999 -9999
22.31726 21.93178 21.8211 22.18849 22.35069 22.46986 22.55233 22.47808 22.40384 22.33178 22.1452 22.10603 21.44274 21.80082 21.79863 20.87973 20.02027 19.8789 19.50795 18.75644 18.81068 20.47589 19.17014 17.82603 17.97918 19.51726 19.30849 19.06658 19.04027 19.53808 18.1674 17.49507 18.55699 20.09096 19.44055 21.09178 21.65726 21.38795 20.21918 20.08082 21.81288 21.88712 21.8726 20.78027 20.33507 21.13288 21.73315 21.73288 21.42438 20.8074 20.31616 20.78274 20.79918 20.44329 19.49863 18.65014 19.00466 20.04301 20.38164 20.9126 20.68932 20.56192 20.82466 21.11973 20.97233 20.87425 20.36603 20.45589 -9999 -9999
22.31726 21.93178 21.8211 22.18849 22.35069 22.30055 22.46027 22.4348 22.37342 22.39562 22.40027 22.1874 22.24466 21.68493 21.59507 20.49726 19.6663 19.79534 19.26137 18.05315 18.75918 19.70685 18.63808 18.33068 18.85452 19.42986 19.51014 18.62877 19.46575 19.73644 18.72849 17.45671 17.43342 18.27479 20.52521 21.41863 21.0652 21.03452 20.78521 21.10603 21.58 21.98575 21.69342 20.16 20.10274 21.05863 21.49096 21.54164 21.61479 21.45836 20.96219 21.11315 20.79918 20.44329 19.49863 18.65014 19.00466 19.64904 20.13178 19.61589 20.0148 20.37233 20.69534 21.02438 21.09781 20.75589 20.97562 20.22 20.64219 -9999
21.62877 20.97562 20.88767 21.5074 22.08192 22.30055 22.46027 22.4348 22.37342 22.39562 22.14411 21.70794 22.02794 21.69342 21.23753 20.74657 20.16356 19.70164 19.24849 18.52493 19.86685 19.97671 18.82603 18.45041 19.30219 20.05918 19.74027 18.30493 19.44 19.66466 18.92164 17.72247 18.0937 18.89507 20.37644 20.87151 20.73206 20.26932 20.77507 21.16548 21.65891 21.85452 21.72247 20.36 20.01836 20.80548 20.99041 21.20822 21.56356 21.57507 21.34548 21.32822 21.12685 20.82164 20.18493 19.29945 18.95288 19.64904 20.13178 19.61589 20.0148 20.25644 20.65836 20.9863 21.19753 21.11507 20.31425 20.39808 20.66877 -9999
21.24849 20.47699 20.40685 20.76548 21.50055 21.91343 22.22466 21.94411 21.79479 22.03589 22.14411 21.70794 22.02794 21.69342 21.23753 20.74657 20.61205 19.99671 18.82137 19.18657 19.79206 20.86356 19.75397 19.14685 19.45123 19.92466 19.47452 18.36904 19.73397 19.32329 19.03863 18.44877 19.70877 20.66384 20.58438 19.98082 19.24767 19.57014 20.82603 21.02658 21.11315 21.72685 21.86822 20.44246 19.48795 19.64959 20.35041 20.86548 21.24082 21.53233 21.41973 21.29342 21.2674 21.0526 20.51781 19.43096 18.97041 19.60301 19.38027 19.1337 19.88219 20.25644 20.65836 20.9863 21.19753 21.10027 20.70767 20.82959 20.87397 -9999
21.36384 20.58849 20.50657 20.66849 20.29726 21.16712 21.64904 21.60794 21.86959 22.07096 21.75973 21.28246 22.06795 21.31534 21.09616 20.67973 20.61205 19.99671 18.82137 19.18657 19.79206 20.86356 21.12658 20.84685 20.67863 20.65534 20.47288 20.10329 20.61205 19.70274 20.02849 18.39206 19.68356 20.56247 20.54329 19.92822 19.98219 20.88383 21.14356 21.20055 21.47342 21.87836 21.77178 20.76164 20.3211 20.68192 20.24137 20.49699 21.12877 21.49151 21.49452 21.09781 21.32466 21.1263 20.55808 19.55178 18.98575 18.97342 18.3989 18.76904 19.99863 20.56356 21.02822 20.98219 20.87918 21.10027 20.70767 20.82959 20.87397 -9999
21.6189 21.4674 21.30822 20.97945 19.65808 19.76301 20.7926 21.50274 21.77315 21.79616 21.63507 21.4789 21.69534 21.36822 21.09205 20.84877 20.15863 19.14877 19.07808 20.79288 20.56055 20.34356 21.12658 20.84685 20.67863 20.65534 20.47288 20.20767 20.07699 19.17315 19.63425 18.2611 19.81425 20.48027 20.60274 20.86301 21.24082 20.79123 21.43288 21.62 21.71589 21.89041 21.87616 21.50164 21.03589 21.32575 20.74932 20.31014 20.52411 21.10548 21.49452 21.07205 21.45671 21.23781 20.65671 19.75973 18.89644 18.54986 18.83425 19.37397 20.25945 20.51644 20.69069 20.5611 20.47726 20.73973 21.07726 -9999 -9999 -9999
21.35616 21.17616 20.90274 21.05589 20.43945 19.32137 20.46931 21.07726 20.52548 20.33507 20.80658 21.22055 21.2326 21.04356 20.72959 20.85918 20.11425 20.18384 21.15123 21.36685 21.43863 20.13781 19.0274 20.34849 20.49589 20.16904 20.33644 20.20767 20.07699 19.17315 19.63425 18.2611 19.57671 20.42795 20.59041 20.19699 20.82219 21.01041 21.42247 21.82904 21.79206 21.69617 21.77589 21.71178 21.62027 20.97863 19.55836 19.03014 19.88438 21.03617 21.55671 21.50164 21.61342 21.34959 20.85069 20.14712 18.96658 18.47151 19.21781 19.77836 20.4211 20.31096 20.42027 20.47178 20.68493 20.87945 20.68164 -9999 -9999 -9999
21.07343 20.38767 20.16521 19.49781 19.50247 20.27562 20.47233 20.14822 19.27562 19.60658 20.60794 21.23699 21.25452 20.74055 21.15781 20.44603 20.20959 20.78137 21.06247 20.67781 20.73589 19.60247 19.10822 19.42082 19.60137 19.72521 19.97096 19.59699 18.42356 19.75178 18.85781 18.67644 19.57671 20.42795 20.59041 20.19699 20.82219 20.8989 21.0611 21.58493 21.39918 21.38164 21.6989 21.34767 21.38383 21.23343 20.25808 19.86877 20.46658 21.16164 21.49507 21.66603 21.62712 21.51863 21.13616 20.3463 19.30521 18.82822 19.3 19.92274 20.03617 20.4189 20.29069 20.57205 20.96959 20.89014 20.55589 -9999 -9999 -9999
20.98932 20.18877 19.22356 18.39096 19.00274 20.40329 21.03425 19.54356 19.53151 20.14548 20.68 20.81726 20.84219 20.87479 20.9537 20.70219 21.03096 21.32356 21.03452 20.23534 19.66356 19.7326 18.44767 20.01589 20.41397 19.91233 19.43151 19.22466 18.09726 20.22274 18.90493 18.59315 19.91397 20.70329 20.02274 18.7411 19.83562 20.8989 21.0611 21.58493 21.39918 21.38164 21.79096 21.42 21.51425 20.91589 21.02904 20.79425 20.94246 21.07479 21.21178 21.63342 21.66657 21.57151 21.24329 20.40658 19.71041 19.36822 19.61863 20.19233 20.10794 20.96959 20.40329 20.5526 21.03699 21.05534 20.81973 -9999 -9999 -9999
20.9474 20.49479 19.83479 18.91808 20.64192 21.12822 21.55534 20.16055 20.58904 20.22219 19.55096 19.01014 19.17918 21.40822 20.75068 21.13041 21.32356 20.76877 20.60548 20.76301 20.35452 20.16685 19.99233 18.73973 20.06712 20.55863 19.99068 18.9211 18.22219 20.28 20.39178 18.35726 19.92411 20.34603 19.4726 18.90247 19.51644 20.28384 20.69973 21.25452 21.03945 21.1526 21.79096 21.42 21.51425 20.91589 21.02904 20.34219 20.72082 20.59562 20.72438 21.13945 21.81343 21.73123 20.95836 19.11644 18.75836 18.70411 19.07233 19.9463 20.09233 21.20658 20.42466 20.65616 20.78027 20.95726 -9999 -9999 -9999 -9999
20.65206 20.16822 19.56384 19.7937 21.32795 21.4411 21.57233 21.10904 20.60794 19.91151 19.49507 19.07699 19.2526 20.76767 20.36712 21.65562 21.76767 20.44767 19.62822 20.17425 20.98959 20.7211 20.84877 19.64301 20.25589 19.82932 19.27507 18.98438 18.59836 19.97342 17.81233 18.87233 17.81726 19.98438 19.92301 20.32712 20.81288 20.74055 20.75562 21.23671 21.30795 21.46575 21.7789 21.40384 20.97178 20.68164 20.08164 20.34219 20.72082 20.59562 20.72438 21.13945 21.78904 21.86603 21.09836 20.27479 19.11918 18.70384 19.14082 19.82466 20.26657 20.85534 20.86959 21.22575 21.15699 21.14685 -9999 -9999 -9999 -9999
20.65206 20.16822 19.56384 19.7937 20.67205 20.90301 21.66521 20.99973 21.35507 19.76082 18.73041 19.19288 20.10274 20.76192 20.95863 21.77836 21.75452 20.8011 20.0674 19.77534 20.09205 20.84685 20.25562 18.8611 18.96274 19.50932 18.61288 17.15096 17.33014 18.96493 17.73014 19.34712 17.80219 20.38712 20.74959 20.1737 19.45041 19.09671 21.15945 21.46466 21.25589 21.29069 21.51014 21.58027 20.72 20.31014 19.59425 18.61452 19.75041 20.16986 20.33808 20.88383 21.78904 21.86603 21.09836 20.27479 19.74356 19.42082 19.6126 19.98904 20.43041 20.40603 20.94603 20.77562 21.23863 21.34603 21.33918 -9999 -9999 -9999
20.59096 20.0989 18.79123 18.9074 20.67205 20.90301 21.66521 20.99973 21.35507 19.76082 18.75452 19.48466 20.6389 20.28329 21.75534 21.74274 20.58712 20.50164 20.30822 19.9589 19.97945 20.47233 20.43808 19.25699 18.4263 18.89288 17.94685 17.63808 18.80521 19.20822 18.51123 19.01973 18.87096 19.48301 20.53973 19.93342 19.24 20.97781 21.37151 21.30712 21.09288 21.11808 21.40986 21.54192 21.05096 20.19808 19.31973 17.38959 18.70658 19.89699 20.30466 20.82685 21.77808 21.76767 21.39863 20.9852 19.74356 19.42082 19.6126 19.98904 20.43041 20.6737 21.39178 21.30575 21.36438 21.42685 -9999 -9999 -9999 -9999
21.7274 21.79178 20.75616 20.43096 20.45342 21.24027 21.03205 20.90849 21.79589 20.94685 18.75452 19.48466 20.6389 20.28329 21.75534 21.74274 20.8474 20.25096 19.38247 19.73315 20.12959 19.78603 20.01562 19.6411 19.57562 18.59178 16.88931 17.08274 18.44466 18.55644 18.26986 18.03808 18.4789 18.28301 19.40877 19.91836 19.73123 19.6789 20.70164 21.53808 21.46219 21.35589 21.30767 21.24137 20.97726 19.80986 19.33014 17.77808 19.01589 20.36 20.99151 21.34055 21.6411 21.97836 21.71479 21.11534 19.76493 19.32274 19.62849 20.02384 20.29014 20.6737 21.39178 21.30575 21.36438 21.34055 -9999 -9999 -9999 -9999
21.61233 22.11233 21.78301 21.56959 21.59123 20.08466 19.68466 19.99425 20.5274 21.31753 20.41589 20.90247 21.46247 21.0737 21.75397 21.22082 20.8474 20.25096 19.38247 19.73315 20.12959 19.32712 18.92685 19.83014 19.84877 17.66904 16.30767 16.69178 17.98712 18.41452 17.83973 18.79123 18.9737 17.18822 18.6189 19.18466 19.31288 19.40932 20.72247 21.59288 21.9126 21.49726 21.37534 21.16767 20.71069 19.42055 18.02794 18.28959 19.71425 20.6789 21.18603 21.57151 21.73781 21.88 21.84794 21.35589 20.2126 19.35123 19.41973 20.05973 20.5274 20.66137 21.08329 21.75808 21.32849 21.34055 -9999 -9999 -9999 -9999
21.99178 22.20493 21.84082 21.64986 21.68575 20.43699 19.0811 19.06575 18.80301 20.80795 21.74904 22.05754 22.14658 22.08603 21.99479 21.77178 21.65562 21.12247 20.21589 20.3589 20.31836 19.32712 18.92685 19.83014 19.84877 17.66904 16.30767 16.70548 17.25973 18.25205 18.13671 18.68521 18.7937 17.80959 19.2811 19.58603 19.46521 20.35945 21.25781 21.70493 21.73781 21.88329 21.74027 21.22356 20.61699 20.1926 18.99452 18.38986 20.40548 20.8548 21.33288 21.37616 21.3674 21.59753 21.84274 21.4937 20.9926 20.11781 19.70712 20.09178 20.56055 20.72521 21.08493 21.12384 21.3537 -9999 -9999 -9999 -9999 -9999
22.32192 22.24575 21.62493 21.84219 21.85452 19.92795 19.1 19.41945 19.70521 20.93644 22.0463 21.64603 21.51644 21.73233 21.69233 21.67644 20.98795 20.49863 20.19342 20.14247 20.23288 19.52493 18.06795 17.96192 19.82603 18.29452 17.31315 16.70548 17.25973 18.25205 18.13671 18.68521 17.00274 17.57616 19.70986 20.2726 20.52438 20.67973 21.23562 21.62658 21.89918 21.8326 21.35808 21.31452 21.02849 20.55726 19.83644 20.06 20.36822 21.00356 21.26959 21.17205 21.19644 21.7211 21.83808 21.67288 21.42986 20.83836 19.92192 20.13233 20.78274 21.11945 21.37699 20.99068 -9999 -9999 -9999 -9999 -9999 -9999
22.47836 22.50384 22.04658 21.70219 20.88356 19.22712 19.44877 20.23699 22.07863 22.22247 22.30137 21.40986 21.22411 21.46603 21.49753 20.96712 20.48329 19.72575 19.47452 19.23534 19.28959 19.72767 19.60521 18.40959 18.52247 17.90055 18.21808 17.22548 17.12658 18.22767 18.48164 17.12794 17.00274 17.57616 19.70986 20.2726 20.52438 21.44794 21.75918 21.38548 21.68794 21.41945 20.14795 20.66986 20.96877 20.45534 20.32849 20.93863 20.14548 21.01562 21.50712 21.45836 21.52192 21.70301 21.82247 21.84959 21.71973 21.37836 20.08356 20.0526 20.69644 20.95123 20.89836 -9999 -9999 -9999 -9999 -9999 -9999 -9999
21.47781 22.58767 22.35397 20.96219 20.04247 19.19233 19.35507 20.99096 22.44767 22.45452 22.44877 21.68027 20.54521 20.18521 20.54521 19.42055 18.29973 18.25343 17.99699 18.1011 19.10767 19.61233 19.69534 20.0811 18.64164 16.22274 16.60712 17.31863 18.55178 18.96658 18.09205 17.1937 16.66822 18.16575 19.9463 20.38329 20.62849 21.44794 21.75918 21.38548 21.68794 21.41945 20.36384 20.28301 20.44219 19.62411 19.71425 21.25425 20.77562 21.34109 21.69096 21.40055 21.60493 21.89918 21.79644 21.93562 21.82932 21.43781 20.15096 19.89178 20.43069 20.7126 20.69507 21.14274 -9999 -9999 -9999 -9999 -9999 -9999
20.12767 21.81343 22.4663 20.92192 19.94931 19.92274 19.94274 21.79918 22.1874 22.21918 22.33014 21.85205 20.27123 19.19671 19.23206 19.06712 18.49452 17.31288 17.26767 17.69205 18.52082 18.49836 18.26685 18.4274 16.82384 16.69096 17.97699 18.79808 19.93507 20.1063 19.54904 19.5011 18.34055 19.0611 19.85699 21.41562 21.5011 21.74493 21.90137 21.57205 21.61945 21.06767 20.36384 20.28301 20.44219 19.62411 19.71425 20.95534 21.65041 21.64849 21.43753 21.37671 21.64274 21.96575 21.81808 21.79781 21.83041 21.57425 20.94438 20.38082 20.54521 20.8674 21.08904 21.37123 -9999 -9999 -9999 -9999 -9999 -9999
20.15918 20.80329 21.90849 21.87753 20.49315 20.58548 21.21671 21.47945 22.29288 21.77151 21.63781 21.11699 20.55945 19.71288 19.62658 19.74356 18.54301 19.28986 18.56959 17.6011 17.13452 17.56931 17.99343 17.40082 16.3389 18.57863 19.74932 20.44959 20.90356 21.15863 21.2074 20.78 19.38795 19.27918 20.4474 21.41397 21.69425 21.97123 22.08329 21.99178 21.62055 20.80383 20.93753 20.66932 20.74137 20.30685 20.71754 20.95534 21.65041 21.64849 21.43753 21.21507 21.47589 21.6674 21.74137 21.9211 21.93534 21.76521 21.1863 20.75726 20.6748 21.00904 21.36904 21.48219 -9999 -9999 -9999 -9999 -9999 -9999
