data/maps/tmax_sum.txt
ncols         643
nrows         661
xllcorner     8446.4670181785
yllcorner     47745.068022667
cellsize      1000
NODATA_value  -9999
[rows 341 to 371 of 661, columns 140 to 209 of 643]
-9999 -9999 -9999 -9999 -9999 -9999 -9999 -9999 -9999 -9999 -9999 -9999 -9999 -9999 -9999 -9999 -9999 -9999 31.33587 31.32174 31.56304 31.75652 31.66848 31.59783 31.72935 31.77717 31.7413 32.02065 32.04239 32.07065 32.04239 32.08478 32.14239 -9999 -9999 -9999 -9999 -9999 -9999 32.59565 32.63587 32.67282 32.60761 32.54457 32.7 32.76087 32.66848 32.5913 32.675 32.7837 32.65326 32.60435 32.67065 32.70543 32.69674 32.67065 32.66739 32.75109 33.05761 32.96304 33.05652 33.0587 33.1913 33.33478 33.33152 33.42826 33.50652 33.51304 33.43696 33.27935
-9999 -9999 -9999 -9999 -9999 -9999 -9999 -9999 -9999 -9999 -9999 -9999 -9999 -9999 -9999 -9999 -9999 -9999 31.46087 31.375 31.675 31.75652 31.84891 -9999 -9999 31.90217 31.83587 31.88587 31.92174 31.91739 31.98043 32.04457 -9999 -9999 -9999 -9999 -9999 -9999 32.3837 32.2837 32.3587 32.51739 32.39783 32.61956 32.65761 32.68478 32.70218 32.7163 32.71957 32.69348 32.67826 32.66848 32.81522 32.8913 32.80109 32.675 32.75217 33.01413 33.05217 33.00544 33.09674 33.30761 33.3087 33.36196 33.46848 33.48152 33.45109 33.42826 33.38478 33.30435
-9999 -9999 -9999 -9999 -9999 -9999 -9999 -9999 -9999 -9999 -9999 -9999 -9999 -9999 -9999 -9999 -9999 -9999 -9999 -9999 -9999 31.68804 31.83913 -9999 -9999 -9999 -9999 -9999 -9999 -9999 -9999 -9999 -9999 -9999 32.37283 32.41413 32.34674 32.48478 32.48043 32.37065 32.33152 32.37391 32.35761 32.43261 32.44022 32.45869 32.63804 32.84239 32.86304 32.7163 32.69565 32.71304 32.83804 32.83587 32.76739 32.7587 32.83913 32.95435 33.1163 33.13478 33.39348 33.47935 33.53043 33.51848 33.50109 33.49456 33.47283 33.48587 33.46304 33.38044
-9999 -9999 -9999 -9999 -9999 -9999 -9999 -9999 -9999 -9999 -9999 -9999 -9999 -9999 -9999 -9999 -9999 -9999 -9999 -9999 -9999 -9999 -9999 -9999 -9999 -9999 -9999 -9999 -9999 -9999 -9999 -9999 -9999 -9999 32.53261 32.53478 32.59783 32.65435 32.68478 32.61739 32.5163 32.54565 32.56522 32.47826 32.42826 32.41522 32.6163 32.83804 32.86413 32.73478 32.73152 32.83152 32.95543 33.01413 33.00435 32.97391 32.97391 32.9913 33.31956 33.33478 33.34022 33.4 33.375 33.39457 33.4663 33.45109 33.50544 33.37283 33.29565 33.28696
-9999 -9999 -9999 -9999 -9999 -9999 -9999 -9999 -9999 -9999 -9999 -9999 -9999 -9999 -9999 -9999 -9999 -9999 -9999 -9999 -9999 -9999 -9999 -9999 -9999 -9999 -9999 -9999 -9999 -9999 -9999 -9999 -9999 -9999 32.37609 32.49674 32.57174 32.65 32.65326 32.69565 32.80435 32.87065 32.84783 32.50978 32.47826 32.44891 32.65652 32.89348 32.91196 32.87065 32.79891 32.9087 32.94565 32.95978 32.99239 33.03043 32.95 32.87065 33.30326 33.32718 33.34891 33.40109 33.41304 33.43152 33.43261 33.3837 33.43261 33.31956 33.04239 33.0163
-9999 -9999 -9999 -9999 -9999 -9999 -9999 -9999 -9999 -9999 -9999 -9999 -9999 -9999 -9999 -9999 -9999 -9999 -9999 -9999 -9999 -9999 -9999 -9999 -9999 -9999 -9999 -9999 -9999 31.96956 -9999 -9999 -9999 32.30109 32.31522 32.34783 32.42065 32.49022 32.52391 32.66196 32.79782 32.7663 32.83043 32.61087 32.56848 32.59565 32.67935 32.87283 33.01739 32.93044 32.95218 33.02391 32.90435 32.8587 32.87609 32.98261 33.00109 32.95978 33.175 33.38804 33.39674 33.38044 33.43261 33.42391 33.37174 33.27935 33.31522 33.35109 33.23804 33.14565
-9999 -9999 -9999 -9999 -9999 -9999 -9999 -9999 -9999 -9999 -9999 -9999 -9999 -9999 -9999 -9999 -9999 -9999 -9999 -9999 -9999 -9999 -9999 -9999 -9999 -9999 32.10109 32.02717 32.09565 32.05217 32.12391 32.21848 32.20218 32.51848 32.45761 32.31522 32.36848 32.56848 32.51848 32.64239 32.75761 32.6413 32.84239 32.84891 32.7163 32.78696 32.81956 32.93696 33.08696 33.04022 33.04131 33.01739 32.80435 32.83261 32.89239 33.00217 33.12935 33.16957 33.18804 33.40217 33.39674 33.36196 33.40326 33.37283 33.32609 33.3087 33.22717 33.30109 33.29457 33.32065
-9999 -9999 -9999 -9999 -9999 -9999 -9999 -9999 -9999 -9999 -9999 -9999 -9999 -9999 -9999 -9999 -9999 -9999 -9999 -9999 -9999 -9999 -9999 -9999 -9999 -9999 32.22283 32.20652 32.24783 32.13478 32.20761 32.29782 32.27391 32.5663 32.75435 32.6163 32.68044 32.86739 32.83696 32.85109 32.87609 32.80326 32.89674 32.99022 32.83261 32.83478 32.95652 33.04022 33.04022 33.03804 33.0663 33.09783 32.82174 32.89348 32.99565 33.08696 33.20109 33.27065 33.30217 33.36413 33.2413 33.32718 33.33913 33.30435 33.30544 33.28913 33.24891 33.20109 33.17174 33.19348
-9999 -9999 -9999 -9999 -9999 -9999 -9999 -9999 -9999 -9999 -9999 -9999 -9999 -9999 -9999 -9999 -9999 -9999 -9999 -9999 -9999 -9999 -9999 -9999 -9999 -9999 32.22283 32.20652 32.24783 32.13478 32.20761 32.29782 32.27391 32.5663 32.75435 32.6163 32.68044 32.86739 32.83696 32.85109 32.87609 32.80326 32.89674 32.99022 32.83261 32.83478 32.95652 33.04022 33.04022 33.03804 33.0663 33.09783 32.82174 32.89348 32.99565 33.08696 33.20109 33.27065 33.30217 33.36413 33.2413 33.32718 33.33913 33.30435 33.30544 33.28913 33.24891 33.20109 33.17174 33.19348
-9999 -9999 -9999 -9999 -9999 -9999 -9999 -9999 -9999 -9999 -9999 -9999 -9999 -9999 -9999 -9999 -9999 -9999 -9999 -9999 -9999 -9999 -9999 -9999 -9999 -9999 -9999 32.31087 32.48043 32.33587 32.46848 32.50544 32.52065 32.75652 32.72174 32.66087 32.84565 33.02609 33.025 33.01957 33.00544 32.92826 32.91304 33.1837 32.91196 32.8413 32.98152 32.98913 32.85652 32.90217 33.11087 33.11413 32.85761 32.94565 33.10978 33.2337 33.31848 33.35978 33.42391 33.30761 33.1 33.28261 33.32065 33.33261 33.33804 33.32826 33.27609 33.18913 33.13152 33.04131
-9999 -9999 -9999 -9999 -9999 -9999 -9999 -9999 -9999 -9999 -9999 -9999 -9999 -9999 -9999 -9999 -9999 -9999 -9999 -9999 -9999 -9999 -9999 -9999 -9999 -9999 -9999 -9999 -9999 32.56413 32.59565 32.54239 32.63804 32.80978 32.52065 32.56956 32.89783 33.19891 33.24783 33.26522 33.15326 33.06304 33.31956 33.15109 33.05761 33.0087 32.99239 32.97391 32.9413 32.96413 33.08152 33.11956 32.87065 32.97826 33.12391 33.27283 33.40543 33.3587 33.37391 33.32283 33.19783 33.36304 33.38913 33.34239 33.30761 33.31196 33.26413 32.98152 32.83587 32.89891
-9999 -9999 -9999 -9999 -9999 -9999 -9999 -9999 -9999 -9999 -9999 -9999 -9999 -9999 -9999 -9999 -9999 -9999 -9999 -9999 -9999 -9999 -9999 -9999 -9999 -9999 -9999 -9999 -9999 -9999 -9999 -9999 -9999 32.8587 32.72283 32.79131 33.18152 33.15435 33.01304 33.21522 33.45 33.5 33.5663 33.26957 33.14457 33.08261 33.04457 33.01848 33.04348 33.06196 32.99565 33.1337 32.93478 33.00544 33.2587 33.41522 33.40652 33.34457 33.20326 33.30761 33.10652 33.38804 33.38587 33.30652 33.2163 33.0913 33.25652 33.08696 32.59891 32.62065
-9999 -9999 -9999 -9999 -9999 -9999 -9999 -9999 -9999 -9999 -9999 -9999 -9999 -9999 -9999 -9999 -9999 -9999 -9999 -9999 -9999 -9999 -9999 -9999 -9999 -9999 -9999 -9999 -9999 -9999 -9999 -9999 -9999 32.89565 32.66739 32.73261 33.08261 33.08152 33.10543 33.35543 33.56956 33.6163 33.63044 33.41087 33.23152 33.13696 33.07283 33.16413 33.25652 33.21957 33.12609 33.2663 33.09783 33.12935 33.25 33.3 33.28478 33.22283 33.03043 33.2663 33.28043 33.36087 33.35761 33.30435 33.20761 33.04457 32.92391 32.46304 32.84783 32.91739
-9999 -9999 -9999 -9999 -9999 -9999 -9999 -9999 -9999 -9999 -9999 -9999 -9999 -9999 -9999 -9999 -9999 -9999 -9999 -9999 -9999 -9999 -9999 -9999 32.11413 32.15543 32.18044 -9999 -9999 -9999 -9999 -9999 -9999 33.07391 33.06087 33.12935 33.20543 33.11739 33.10978 33.40217 33.66196 33.71413 33.71848 33.50435 33.36304 33.30761 33.21848 33.23152 33.25978 33.24348 33.29239 33.26957 33.25 33.24348 33.3587 33.39674 33.31522 33.24783 33.20869 33.21304 33.34348 33.29239 33.41087 33.32935 33.16413 32.94348 32.55761 31.9 32.31196 32.51196
-9999 -9999 -9999 -9999 -9999 -9999 -9999 -9999 -9999 -9999 -9999 -9999 -9999 -9999 -9999 -9999 -9999 -9999 -9999 31.75217 32.10435 32.08804 31.97826 32.00761 32.24348 32.25326 32.18804 32.32391 32.38152 32.45326 -9999 -9999 -9999 33.15652 33.21957 33.22609 33.12391 33.24783 33.25544 33.4837 33.69348 33.74891 33.73804 33.45543 33.52174 33.43804 33.1413 33.08913 33.20435 33.26196 33.24239 33.17717 33.2337 33.2 33.22174 33.16631 33 32.94348 33.12826 33.18152 33.0913 33.38261 33.42826 33.32609 33.06848 32.52065 31.65544 31.98478 31.81848 31.21522
-9999 -9999 -9999 -9999 -9999 -9999 -9999 -9999 -9999 -9999 -9999 -9999 -9999 -9999 -9999 -9999 -9999 -9999 -9999 -9999 32.11304 32.24674 32.1 32.10652 32.35217 32.29457 32.19565 32.40326 32.47391 32.46848 32.54131 32.56087 -9999 33.10978 33.21522 33.23152 33.11848 33.29891 33.40217 33.48913 33.58478 33.68478 33.71957 33.53913 33.43044 33.33261 33.20869 33.12065 33.07826 33.05761 33.10435 33.2663 33.21413 33.13696 32.98913 33.10109 33.07935 32.84565 33.1413 32.94456 33.34674 33.43587 33.47174 33.3587 33.09348 32.78587 32.46304 32.67174 31.53152 31.40435
-9999 -9999 -9999 -9999 -9999 -9999 -9999 -9999 -9999 -9999 -9999 -9999 -9999 -9999 -9999 -9999 -9999 -9999 -9999 -9999 32.01522 32.10217 32.15435 32.26957 32.41522 32.38913 32.375 32.53043 32.49783 32.48913 32.50217 32.52935 -9999 32.90978 33.18478 33.20218 33.02826 33.1163 33.30326 33.40217 33.45652 33.5337 33.60761 33.49348 33.28478 33.22935 33.15109 33.08913 33.11522 33.19891 33.25 33.26087 33.26196 33.10761 33.01304 33.06739 32.74022 32.33696 32.91631 32.62065 32.88804 33.21087 33.34565 33.28587 32.67282 32.10326 32.85435 32.88804 32.45543 32.28696
-9999 -9999 -9999 -9999 -9999 -9999 -9999 -9999 -9999 -9999 -9999 -9999 -9999 -9999 -9999 -9999 -9999 -9999 -9999 31.78044 31.94456 32.05652 32.09457 32.28043 32.40109 32.45761 32.49022 32.50435 32.50217 32.51739 32.51522 32.55326 32.61956 32.7837 33.07826 33.12717 32.93587 32.89565 33.10326 33.33696 33.44022 33.4337 33.4913 33.45869 33.22391 33.28261 33.1913 33.08261 33.15652 33.31739 33.32283 33.2337 33.16631 32.68913 32.625 32.7163 32.52935 32.14239 32.03043 31.73152 32.57174 32.63587 33.11304 33.2587 32.96196 32.67065 32.88261 32.67935 32.62609 32.28043
-9999 -9999 -9999 -9999 -9999 -9999 -9999 -9999 -9999 -9999 -9999 -9999 -9999 -9999 -9999 -9999 -9999 -9999 -9999 31.86087 32.0587 32.21957 32.29782 32.28043 32.40109 32.45761 32.49022 32.50435 32.50217 32.51739 32.51522 32.55326 32.61956 32.7837 33.07826 33.12717 32.93587 32.89565 33.10326 33.33696 33.44022 33.4337 33.4913 33.45869 33.22391 33.28261 33.1913 33.08261 33.15652 33.31739 33.32283 33.2337 33.16631 32.68913 32.625 32.7163 32.52935 32.14239 32.03043 31.73152 32.57174 32.63587 33.11304 33.2587 32.96196 32.67065 32.88261 32.67935 32.62609 32.28043
-9999 -9999 -9999 -9999 -9999 -9999 -9999 -9999 -9999 -9999 -9999 -9999 -9999 -9999 -9999 -9999 -9999 -9999 -9999 31.86087 32.0587 32.21957 32.29782 32.36087 32.46304 32.50978 32.53804 32.54782 32.56413 32.52717 32.54348 32.59674 32.60761 32.72935 32.93804 33.14674 33.02283 32.95435 33.03261 33.29348 33.37609 33.34783 33.41413 33.3587 33.22065 33.35543 33.35652 33.23913 33.16304 33.19022 33.24565 33.23152 33.20543 32.825 32.67391 32.5163 32.62935 32.62283 31.71196 31.25326 31.56304 31.72174 32.98478 33.27174 33.2413 33.12065 32.91739 32.74456 31.88152 31.55
-9999 -9999 -9999 -9999 -9999 -9999 -9999 -9999 -9999 -9999 -9999 -9999 -9999 -9999 -9999 -9999 -9999 -9999 32.29674 32.29565 32.25761 32.35326 32.39457 32.43152 32.51304 32.53587 32.55544 32.58804 32.60217 32.56087 32.60109 32.66848 32.62935 32.77609 32.97826 32.87609 33.01739 32.88152 32.90543 33.20652 33.29674 33.24239 33.29022 33.26087 33.10109 33.23152 33.28152 33.22065 33.16957 33.1587 33.15978 33.21848 33.23152 33.06739 32.94674 33.05 33.05544 32.7337 32.13478 31.3913 30.6663 31.2087 32.84457 33.18696 33.19022 32.89348 32.22065 31.34565 31.67174 31.24022
-9999 -9999 -9999 -9999 -9999 -9999 -9999 -9999 -9999 -9999 -9999 -9999 -9999 -9999 -9999 -9999 -9999 32.33261 32.38261 32.34457 32.22717 32.32718 32.46413 32.49348 32.41848 32.52065 32.53804 32.54565 32.52391 32.54565 32.6587 32.76522 32.7587 33.0087 33.10543 32.94783 33.24674 32.84565 32.89022 33.17391 33.30326 33.31304 33.34239 33.20869 32.99456 33.15 33.2587 33.24565 33.21304 33.21413 33.1837 33.15109 33.25326 33.22717 33.1413 33.31848 33.21522 32.76522 32.29891 31.50435 31.09674 30.97174 32.89891 33.08696 32.68696 31.99674 31.4087 31.00652 31.99348 31.63152
-9999 -9999 -9999 -9999 -9999 -9999 -9999 -9999 -9999 -9999 -9999 -9999 -9999 -9999 -9999 -9999 31.81522 31.80435 31.89565 32.03587 32.10109 32.31413 32.37717 32.48478 32.52065 32.5587 32.6163 32.58043 32.525 32.53587 32.47609 32.68804 32.77609 33.04022 33.17609 33.09891 33.22391 33.01522 33.02283 33.13913 33.29022 33.36304 33.34783 33.01413 32.9837 33.13696 33.17391 33.22717 33.24674 33.23261 33.23804 33.2587 33.46304 33.53696 33.425 33.37826 32.89239 32.05326 31.45978 31.2413 31.62174 31.76413 32.99348 32.94783 32.28152 31.725 31.89239 32.0587 31.84783 31.53804
-9999 -9999 -9999 -9999 -9999 -9999 -9999 -9999 -9999 -9999 -9999 -9999 -9999 -9999 -9999 31.72174 31.88696 31.91957 31.94131 31.98696 32.03478 31.97283 32.22065 32.46413 32.54891 32.60652 32.60217 32.57174 32.54891 32.53152 32.45 32.47935 32.61196 32.93804 33.07065 33.1587 32.98043 33.01087 33.02065 33.17826 33.30217 33.31956 33.27283 33.16522 33.22826 33.16848 33.23152 33.23913 33.22826 33.15 33.06196 33.13696 33.02283 33.26304 33.53913 33.36304 32.53587 31.69674 31.53913 31.75543 31.71739 32.24239 32.83696 32.73696 31.89674 31.27935 31.56413 32.18587 31.65217 31.78261
-9999 -9999 -9999 -9999 -9999 -9999 -9999 -9999 -9999 -9999 -9999 -9999 30.86196 31.01304 31.60435 31.64457 31.76957 31.74891 31.77283 32.1587 32.40217 31.85 32.05326 32.33804 32.31739 32.35435 32.38478 32.41196 32.49348 32.50652 32.68152 32.54565 32.425 32.45543 32.57609 32.72391 32.83913 32.98152 33.02609 33.20326 33.29674 33.29565 33.28478 33.19891 33.24891 33.21522 33.22826 33.18804 32.97174 32.82826 32.86087 32.78913 32.81522 33.3413 33.20435 33.32826 33.22391 32.70978 32.14239 31.80326 31.66196 32.16957 32.76087 32.45109 31.87174 31.6587 31.74783 32.11956 31.73261 32.11087
-9999 -9999 -9999 -9999 -9999 -9999 -9999 -9999 -9999 -9999 -9999 30.7587 30.64239 30.75435 31.69022 31.55435 31.69674 31.64239 31.60435 32.15761 32.40652 31.95978 32.19565 32.39674 32.35109 32.35109 32.42282 32.4087 32.50435 32.52935 32.70109 32.52717 32.38913 32.39674 32.50217 32.81956 32.84565 32.93478 33.07065 33.18804 33.27065 33.31087 33.26957 33.20326 33.24783 33.26196 33.21848 33.15326 33.10652 33.00109 32.86522 32.87935 32.475 33.05544 32.72283 32.47826 32.6413 32.49783 31.88043 31.77609 31.98478 32.09022 32.94783 32.28696 31.96848 32.12283 32.01522 32.06087 32.04131 31.79891
-9999 -9999 -9999 -9999 -9999 -9999 -9999 -9999 -9999 -9999 30.8 30.56956 30.90435 31.69348 31.88478 31.96739 32 32.12717 32.18913 32.07826 32.17609 32.02174 32.13478 32.36196 32.32935 32.325 32.39891 32.47283 32.55978 32.43696 32.69674 32.79131 32.57826 32.45652 32.53587 32.85543 32.93913 32.94891 33.09674 33.17826 33.20109 33.21522 33.25978 33.18804 33.12065 33.22174 33.20978 33.17717 33.12935 33.10652 33.13804 33.19783 32.89239 32.7337 31.76522 31.45217 31.85 31.80761 31.45978 32.02717 31.54022 31.475 33.01087 32.45978 32.07283 32.23587 32.18152 31.66087 31.82609 31.67826
-9999 -9999 -9999 -9999 -9999 -9999 -9999 -9999 -9999 30.91957 30.91087 30.71522 30.89891 31.56522 31.75326 31.84348 31.93587 32.13152 32.24783 32.10109 31.91848 32.20761 32.20435 32.24891 32.29782 32.41196 32.49674 32.52935 32.54239 32.48913 32.56413 32.85761 32.84783 32.65978 32.64565 32.78261 32.95761 32.95 33.05326 33.18804 33.25435 33.25652 33.21739 33.13913 33.1837 33.2163 33.21957 33.17609 33.12609 33.26522 33.38261 33.16087 32.87935 32.48587 31.86848 31.86304 31.96848 31.93152 32.09891 32.49565 31.96413 32.36522 32.25761 31.73587 31.80761 32.23913 32.35652 32.32718 32.23261 31.62826
-9999 -9999 -9999 -9999 -9999 -9999 -9999 30.71956 30.32935 30.57283 30.99457 30.87174 30.88478 31.15978 31.54239 31.74674 31.8337 31.925 32.04891 32.00978 31.77391 32.07174 32.22609 32.21848 32.24674 32.3 32.39348 32.52935 32.54239 32.48913 32.56413 32.85761 32.84783 32.65978 32.64565 32.78261 32.95761 32.95 33.05326 33.18804 33.25435 33.25652 33.21739 33.13913 33.1837 33.2163 33.21957 33.17609 33.12609 33.26522 33.38261 33.16087 32.87935 32.48587 31.86848 31.86304 31.96848 31.93152 32.09891 32.49565 31.96413 32.36522 32.25761 31.73587 31.80761 32.23913 32.35652 32.32718 32.23261 31.62826
-9999 -9999 -9999 -9999 -9999 -9999 -9999 30.71956 30.32935 30.57283 30.99457 30.87174 30.88478 31.15978 31.54239 31.74674 31.8337 31.925 32.04891 32.00978 31.77391 32.07174 32.22609 32.21848 32.24674 32.3 32.39348 32.46522 32.54239 32.61413 32.49348 32.70652 32.80326 32.61304 32.59783 32.79022 32.81087 33.00435 33.1 33.1913 33.24348 33.24565 33.20761 33.17935 33.16739 33.11739 33.19674 33.17391 33.14348 33.19783 33.26848 33.21087 32.79131 32.275 32.28043 32.41739 32.42391 32.58369 32.64891 32.25761 32.52826 32.42717 32.64457 31.85761 31.46956 31.56739 31.82065 32.33369 32.29239 32.08043
-9999 -9999 -9999 -9999 -9999 -9999 30.5087 30.63261 30.23804 30.29674 30.56196 30.56196 30.89239 31.15217 31.25326 31.56522 31.7337 31.69783 31.80761 32.11304 32.13261 31.97065 32.24239 32.34674 32.34457 32.37283 32.38587 32.3587 32.425 32.63804 32.45543 32.41957 32.64891 32.63913 32.72391 32.88152 32.92826 32.98261 32.97935 33.06522 33.16631 33.2163 33.17282 33.10543 33.14565 33.13587 33.1913 33.20109 33.20435 33.18696 33.15652 33.04565 32.40435 32.6163 32.56956 32.35326 32.53696 32.88478 32.93804 32.64348 32.30217 32.04239 32.54674 32.10761 31.94022 31.99674 32.11522 32.33369 31.81739 31.54022
