data/maps/tmax_sum.txt
ncols         643
nrows         661
xllcorner     8446.4670181785
yllcorner     47745.068022667
cellsize      1000
NODATA_value  -9999
[rows 93 to 123 of 661, columns 210 to 279 of 643]
28.72935 29.75 30.1663 30.07826 29.97174 29.84348 29.81739 29.75435 29.60543 29.48696 28.93587 28.60109 28.3587 28.325 28.22174 27.63261 28.18696 29.3587 29.1663 28.33804 27.36196 26.81522 27.94783 28.22717 28.02174 26.19891 25.7913 26.82174 27.8 28.02174 27.23261 27.12391 27.57609 27.73587 28.47065 28.40978 28.24457 28.45761 29.1663 30.75326 30.17283 30.57826 30.75326 30.32826 29.95217 30.475 29.86957 30.14457 29.42283 28.84456 29.28261 28.9837 28.19131 27.28696 27.03696 26.27935 26.30435 28.62717 29.97935 28.02609 28.94239 29.4163 30.0837 30.21196 29.58043 30.03261 30.3413 29.58152 30.00978 29.69891
28.45435 29.70217 29.85543 29.83804 30.02717 29.81413 29.93587 29.92826 29.75 29.64022 28.97717 28.88913 29.14674 29.11522 28.51196 27.62826 27.32717 28.08696 28.73587 27.77826 26.87391 26.14457 27.70652 27.48043 27.5837 26.13696 26.21522 27.22609 28.06196 28.42391 27.35 26.86087 27.12283 27.65109 27.21196 27.36739 28.20652 29.1413 29.64783 30.425 30.36848 30.75978 30.43913 30.32391 30.76848 30.31413 30.07609 30.66413 30.56522 30.22935 30.025 29.39457 29.49239 28.76196 28.30761 26.98478 26.82283 28.94891 29.51522 28.475 28.78913 29.80544 30.34456 29.79783 29.83913 29.78261 30.05544 30.19674 30.5337 30.37283
29 30.075 29.54565 29.4663 30.20326 29.99674 30.02609 30.06413 29.92174 29.67065 29.28044 28.8337 28.93369 29.05326 28.53152 27.425 27.01522 27.95761 28.36957 27.40761 26.50978 25.88804 26.77391 27.05217 27.36957 26.29022 26.83261 27.67391 28.39022 28.65326 27.52283 26.56413 27.65652 27.96304 27.95 28.27174 27.79457 28.11957 29.19565 29.68587 29.34891 29.78478 30.60652 31.15978 30.94456 30.08478 29.32717 29.90652 30.69131 30.69239 30.13152 30.51522 30.40217 30.14783 29.60652 28.88261 28.85109 28.64348 29.63696 29.84348 29.91848 30.1587 30.07174 28.70761 28.44131 28.32283 28.825 29.93044 30.57717 30.69783
29 30.075 29.54565 29.4663 30.20326 30.40978 30.47283 30.4663 30.36522 30.09348 29.0413 27.77283 27.63478 28.26739 28.31848 27.26848 27.73152 28.29565 27.78152 26.97065 26.30544 26.32174 26.13261 27.32283 28.10326 28.15326 28.3587 28.3337 28.66739 28.90652 28.3413 27.50761 27.49565 27.76304 27.225 28.24674 28.80435 28.93478 29.20543 30.675 29.85978 30.26304 30.77717 31.11957 31.13043 30.675 29.07935 28.64022 28.85543 29.2837 29.78913 30.51739 29.96196 30.18152 30.32391 30.25435 30.23804 30.09239 29.96739 30.21413 30.12717 29.67826 29.29565 28.64674 28.71413 28.08261 28.09456 28.72609 30.56196 30.61522
29.90435 30.19348 29.3837 29.25761 30.15544 30.40978 30.47283 30.4663 30.36522 30.09348 29.0413 27.77283 27.63478 28.26739 28.31848 27.26848 27.73152 28.29565 27.78152 26.97065 26.30544 26.32174 26.13261 27.32283 28.10326 28.15326 28.3587 28.3337 28.66739 28.90652 27.87935 26.78152 27.72717 28.06304 27.94674 28.39783 29.125 29.36087 29.53696 30.52391 30.5837 30.94348 30.89674 30.79457 30.94348 31.05761 29.53587 28.87283 29.53152 30.16957 30.175 30.56522 30.60652 30.71087 30.7 30.05978 29.49457 30.42717 30.43369 30.42174 29.61087 28.45543 27.71304 29.19456 29.1587 28.87283 27.95217 28.1337 30.53696 30.64457
30.45 30.475 29.97174 30.25 30.31739 30.48804 30.61848 30.56304 30.325 30.03587 29.77717 27.12391 26.78696 27.67391 28.32826 28.01196 28.41413 28.88804 27.4 27.05 27.18913 27.38043 26.90978 27.43913 28.63913 28.7413 29.00543 29.27391 28.93044 29.09565 27.87935 26.78152 27.72717 28.06304 27.94674 28.39783 29.125 29.36087 29.53696 30.52391 30.5837 30.94348 30.89674 30.79457 30.94348 31.05761 30.94891 30.58913 30.84891 30.90109 30.54348 30.33152 30.27065 29.58478 29.30869 29.12935 29.61304 30.29239 30.64783 29.58587 29.09348 27.27609 26.94565 27.83913 28.71304 28.94456 27.92826 27.98913 30.39783 30.68804
30.35 30.70326 30.63696 30.19565 30.5913 30.69565 30.71522 29.84783 29.18913 29.23478 28.94022 27.1587 26.85761 27.63913 28.57174 29.13804 29.41196 29.53696 27.5163 27.67826 28.13804 27.93261 27.73043 27.55869 28.88478 28.85543 28.66413 29.22826 29.67717 29.08913 27.78152 26.87065 28.08152 28.47935 28.55217 29.04565 29.03913 28.99891 29.21196 29.79457 30 30.42717 30.56848 30.82391 31.12391 31.12609 30.94891 30.58913 30.84891 30.90109 30.54348 30.33152 30.27065 29.58478 29.30869 29.12935 29.61304 30.29239 30.64783 29.26087 28.29674 25.75435 25.12174 25.94891 26.47065 27.11739 27.33913 28.16522 30.275 30.625
30.06304 30.92935 30.47174 30.22391 30.50978 30.33696 30.44022 30.15978 29.73152 29.40652 29.05652 27.41848 27.40326 27.93261 28.65652 29.45435 29.62283 29.81522 28.39348 28.88152 28.77391 27.82391 27.56304 28.3 28.87609 29.52826 29.21739 29.30435 29.99891 28.9587 28.95326 28.18261 27.49239 27.90326 27.82935 28.27609 28.71304 29.42826 29.85109 30.11848 29.74348 29.76522 30.60435 30.96739 30.90326 30.91304 30.81956 31.0087 30.84456 29.94565 29.23913 29.74239 30.19891 28.54239 27.56956 27.92935 29.18587 29.44131 30.29891 29.26087 28.29674 25.75435 25.12174 25.94891 26.47065 27.11739 27.33913 28.16522 30.275 30.625
30.27283 30.54348 30.39674 30.24783 29.8413 30.25435 30.49348 30.68913 30.66739 30.325 29.8413 28.2913 28.08152 28.14022 28.48152 29.26304 29.80978 29.82283 29.63587 29.03044 27.86739 27.05435 27.12609 28.33587 28.72609 29.88478 29.78804 29.78478 30.27283 29.38696 29.73913 29.29457 28.12174 28.86848 28.43478 28.09348 28.37391 28.67935 29.21522 30.55761 29.72935 30.12174 30.775 30.83696 30.63696 30.5337 29.47826 29.93369 29.07283 28.21739 28.51087 29.81304 30.01304 29.11087 28.00109 28.51196 29.11413 29.14565 29.42391 29.14891 28.31631 24.93369 24.49457 25.83478 27.03044 26.7837 27.925 28.23696 30.0337 30.36304
30.69783 30.36087 30.14239 30.05869 28.49783 29.88587 30.40761 30.35326 29.88261 29.52174 29.80761 29.25109 27.7663 27.87826 28.68478 29.24674 30.08043 30.09239 29.13043 28.54457 27.88804 27.36522 27.20543 27.19456 28.28913 29.82609 29.87174 29.90326 30.37609 29.93152 30.07826 29.7413 28.62935 29.09456 28.94456 28.39891 28.94456 29.01087 29.09891 30.45217 30.58587 30.60217 30.96522 30.90109 30.42065 29.93261 29.75326 28.39022 27.50217 28.11848 29.52391 30.29022 30.56196 30.27283 29.44239 28.58261 28.03913 28.60326 28.55109 29.59674 29.09783 25.90435 25.02717 26.48478 27.64674 28.58043 28.65544 28.40544 29.74565 30.2837
30.6337 30.5837 30.18369 28.81196 28.475 30.25 30.58043 30.01522 29.28152 28.89348 29.03044 29.57391 28.81956 28.84022 29.37283 29.95761 30.34565 29.71087 29.30544 28.68152 27.93044 27.32283 27.16304 27.40652 28.38804 29.21087 29.19348 29.94456 29.93804 30.37609 30.34022 30.21304 30.03804 30.12826 29.79891 29.86957 30.40652 30.54891 30.52717 30.84348 30.82609 30.88804 30.80326 30.25652 30.05109 30.09348 29.52609 28.25326 27.68587 28.58804 29.73804 30.13587 30.3913 30.34239 30.04239 29.56522 28.49457 27.52826 27.71848 28.59022 28.96087 27.51087 26.38152 26.4163 27.76304 29.56304 30.02717 28.89891 29.73478 29.78696
30.59239 30.8587 30.47609 28.6413 30.13696 30.67283 30.86304 30.48587 29.70217 29.11304 29.15652 28.48804 28.29457 28.8413 29.79674 30.55978 30.56413 30.02391 28.3 28.0413 27.56087 26.98478 27.02391 28.14674 28.68478 29.33152 29.76739 29.61848 30.10109 30.02717 29.81848 29.31848 29.05109 28.72174 29.10761 30.42717 30.24348 30.49348 30.46413 30.95543 30.71739 31.04348 30.42935 29.74783 29.78478 30.01087 29.21196 27.94348 27.82065 28.48043 29.05544 29.34239 29.97717 29.85652 30.05217 29.73043 28.88261 28.06087 28.22065 28.74783 28.41087 27.86957 27.79239 28.49674 28.28261 29.61848 30.19022 29.40761 29.66848 29.04674
30.82065 31.05544 31.05217 30.59348 30.375 31.01739 30.8 30.1337 29.35 28.54239 28.19348 29.04891 28.29022 28.98804 30.07935 30.59674 30.38587 29.7087 27.92065 27.01957 26.875 27.18044 27.02391 27.40761 28.16413 29.26957 29.125 29.02174 29.1663 28.70217 28.08043 27.46848 28.18261 29.0913 29.94348 29.48261 28.96087 29.05869 29.85978 30.71848 31.00652 30.18261 29.60978 29.4587 29.43913 29.45326 29.21196 27.96739 27.55761 27.70326 28.01739 28.46848 29.30978 29.1 30.15109 29.81631 29.1163 28.5413 28.77609 29.67065 29.21522 28.31196 28.22935 29.09239 29.3837 29.96956 30.25109 30.19674 28.52174 27.92174
30.82065 31.29783 31.28152 30.96413 30.91739 31.40326 30.74674 30.8337 30.40652 29.05217 28.11196 29.67717 29.69783 30.06956 30.475 30.63696 30.47826 30.15435 27.79022 26.4163 26.62826 27.45 26.86739 26.59022 27.9087 27.84239 27.59565 28.28478 28.24457 26.73696 26.00326 26.09674 26.85326 27.71413 28.3837 28.31739 28.77826 29.21087 30.07935 30.9 31.04457 31.01957 30.64022 30.42065 29.75326 29.03261 28.81739 29 28.62174 28.16522 27.87391 27.88043 28.31848 29.08913 29.9087 29.80978 29.37283 28.50652 27.78478 29.19565 29.775 28.76522 28.30978 28.97609 29.89783 30.35761 30.08804 29.575 29.98587 29.88913
31.05544 31.29783 31.28152 30.96413 30.91739 31.40326 30.74674 30.8337 30.40652 29.05217 28.11196 29.67717 29.69783 30.06956 30.475 30.63696 30.47826 30.15435 27.79022 26.4163 26.62826 27.45 26.86739 26.59022 27.9087 27.84239 27.59565 28.28478 26.80109 26.1413 24.43478 25.56413 27.14348 27.33478 28.23913 29.18587 29.91957 30.57391 30.75109 30.29457 29.675 30.83152 29.63696 30.05 29.98152 29.26957 28.91848 29.90652 29.5413 28.81848 28.17065 28.1087 28.775 29.53261 29.3337 28.99022 28.80761 28.49457 28.04457 29.07065 29.96956 29.78152 29.51087 29.62174 30.28587 30.44783 29.58696 28.96087 29.69783 30.1663
31.61087 31.64239 31.46304 31.22826 31.49239 31.44456 30.25543 30.27391 30.52935 29.95 29.23587 30.71739 30.7837 30.84891 30.83913 30.78804 30.61957 29.90761 26.55869 26.17609 27.04022 27.56304 26.49565 25.65217 26.575 26.30109 26.05 26.74565 26.80109 26.1413 24.43478 25.56413 27.14348 27.33478 28.23913 29.18587 29.91957 30.57391 30.75109 30.29457 29.675 30.83152 29.63696 30.05 29.98152 29.64457 29.28152 30.33587 29.55 28.67826 28.62826 28.80761 28.63587 28.62609 27.97174 28.29674 28.9087 29.15435 28.92609 29.29783 29.64891 29.55326 29.88696 30.18587 30.35109 30.34456 29.73478 29.27065 29.1087 29.78696
31.63478 31.55435 31.52283 31.5163 31.71956 31.40761 29.90217 29.77174 30.40435 30.74022 30.63043 31.17391 31.19891 31.06848 30.93369 30.76413 30.42609 29.71087 25.7163 26.03044 27.56413 28.20217 27.12391 26.34022 26.03478 25.20435 24.54239 24.99239 25.8413 25.52065 24.22717 25.45326 26.91304 28.9913 28.61522 29.36196 29.7587 30.27065 30.81956 30.75761 30.89457 30.66087 30.13152 30.53152 30.40435 29.64457 29.28152 30.33587 29.55 28.67826 28.62826 28.80761 28.63587 28.62609 27.97174 28.29674 28.9087 29.15435 29.21522 29.67174 29.97065 29.23587 29.27826 29.72826 30.24022 29.99239 29.49565 29.16848 29.03261 28.73043
32.16196 31.42935 31.34565 31.58261 31.63043 31.16304 30.10543 29.43587 29.84565 30.56956 31.01304 31.23043 31.27065 31.1337 30.85978 30.43152 29.79674 28.76522 26.51304 27.38587 28.36739 28.62609 28.04783 27.51522 27.11957 24.63261 24.11957 24.90652 25.88804 25.75217 24.47609 25.38478 26.65435 28.74565 29.55435 29.41522 29.9913 29.85 29.98043 30.52391 30.46956 30.63152 30.78152 30.61304 30.23261 30.28478 30.66087 30.52935 29.63043 29.23261 29.34456 29.07826 28.425 28.725 28.52935 28.55217 29.02391 29.35543 29.21522 29.67174 29.97065 29.56848 29.27826 29.72826 30.24022 29.99239 29.49565 29.16848 29.03261 28.76304
32.46087 31.30761 31.1587 31.56087 31.53696 31.38261 30.37065 30.22826 29.65217 29.83478 30.78804 31.34022 31.29674 31.06413 30.76739 30.09674 28.95 27.68804 27.12935 27.87935 28.56196 28.95217 28.76739 27.79457 27.22826 24.75978 24.94783 26.32935 27.17065 27.0837 25.475 26.4087 27.58696 29.30978 29.975 30.16848 30.17283 29.68044 30.025 30.6 30.8837 30.31631 30.66196 30.78804 30.71087 30.62717 30.35109 29.97609 29.72283 29.69131 29.84674 29.48804 28.85217 29.16739 29.57717 29.13043 29.40544 29.58261 29.3337 29.78913 29.8413 29.91304 29.45761 29.68478 30.17174 30.27391 29.72935 29.475 29.4087 28.76304
32.08152 31.89022 31.33804 31.2837 31.67174 31.60543 31.35435 30.84239 29.88043 29.66848 30.45652 31.46196 31.13804 30.62717 30.16522 29.20761 28.18044 28.15761 28.24022 28.57717 28.71304 29.02174 29.36522 28.71196 28.05326 26.48261 26.63587 27.68587 28.1337 27.73152 26.05652 26.86522 28.16522 29.80761 30.0413 30.34022 29.44348 30.325 30.64348 30.52935 30.29457 30.82283 30.46739 30.1 29.44348 29.31522 29.72935 29.89457 29.63913 29.57935 29.73478 29.59891 29.36848 29.72826 29.97717 29.2587 29.43478 29.87065 29.73152 29.24022 29.63043 29.8913 30.26413 30.26522 30.21522 29.85109 29.65 29.47826 29.56413 28.72935
31.92174 31.8913 31.38261 31.15761 31.53478 31.60217 30.06631 29.64239 29.57609 30.02391 30.82609 31.52391 31.19022 30.4663 29.825 28.71304 27.65217 27.75761 28.37283 28.83804 29.20978 29.45978 29.44674 29.0413 29.67826 27.13587 26.69674 27.55978 28.69891 28.79022 27.09456 27.99348 28.5837 29.49674 29.50217 29.17609 28.83696 29.8 29.89348 29.74674 30.2663 30.90217 30.54348 29.98478 29.65326 29.94348 30.47065 30.72609 30.64239 30.65978 30.37935 29.96196 29.66848 29.69783 30.13696 29.20652 29.07065 29.60978 30.12717 29.96087 29.28152 29.73696 30.43587 30.51522 30.42609 30.19565 29.74239 28.925 28.8587 28.775
31.39348 31.25217 31.2587 31.59891 31.0087 31.3913 29.63152 29.67065 30.54783 31.20652 31.40435 31.09783 31.07391 30.74022 30.05217 28.59239 27.325 27.46848 28.57283 28.37174 27.59783 27.4913 28.02609 28.46956 29.8 29.60435 26.93913 27.33043 28.93152 29.66848 28.76957 28.57174 29.23587 29.72174 28.94456 28.30761 28.71413 29.1587 28.70326 28.95761 30.10435 30.18261 30.53804 30.56631 30.60543 30.68044 30.76087 30.78587 30.79783 30.87174 30.825 30.4587 29.97283 29.81413 30.1163 29.58696 29.65326 29.85326 30.08478 30.3913 29.88261 30.14783 30.04783 30.0913 30.2087 29.32065 28.67283 28.17826 28.60652 28.90326
31.43804 30.85 31.12826 31.40217 30.94891 31.39565 30.66522 30.94783 31.05869 31.22174 31.3 30.81848 30.32935 29.97174 29.71304 28.79565 27.36739 26.36304 28.25652 27.19131 25.69674 25.25978 25.86087 26.71087 27.90109 29.70109 28.44348 28.1337 28.87826 29.46956 29.7587 29.05761 29.58043 30.00435 28.80978 27.41957 27.23696 28.10652 28.28804 29.01522 29.96196 29.70543 29.97391 30.61304 30.84022 30.85109 30.88478 30.73587 30.775 30.87935 30.88587 30.68369 30.36957 30.17174 30.30109 30.18261 30.3663 30.55544 30.54022 30.49239 30.53913 30.37717 29.87935 29.41413 29.70652 30.22935 29.6663 29.15978 29.43152 28.60978
31.05217 31.01739 31.4837 31.32283 30.79674 31.13696 31.01739 31.11196 31.0913 31.16087 31 29.80326 30.01304 29.53587 28.69348 28.01413 27.7913 27.92065 26.56196 26.05761 25.91522 26.84565 28.27065 29.13913 29.63478 29.42935 29.31413 28.44456 28.41739 29.70109 30.53696 30.39783 30.55544 29.90217 29.40652 28.57826 27.75652 28.40326 29.29783 29.96848 30.15 30.12065 30.55869 30.725 30.81522 30.85978 30.93369 30.71956 30.7587 30.8913 30.94348 30.95217 30.9087 30.71087 30.24239 30.21956 30.25435 30.37283 30.5 30.50543 30.4913 30.55869 30.16522 29.57609 29.27174 29.43587 29.75543 29.52717 29.46304 29.00761
31.05217 31.01739 31.4837 31.32283 30.79674 31.13696 31.01739 31.11196 31.0913 31.16087 31 29.80326 30.01304 29.53587 28.69348 28.01413 27.7913 27.92065 26.56196 26.05761 25.91522 26.84565 28.27065 29.13913 29.63478 29.42935 29.31413 28.4 28.19239 29.31196 28.58587 29.68587 30.30761 29.65435 29.03044 27.85 27.18696 28.33913 29.40544 29.54565 29.84783 30.43152 30.70109 30.75326 30.74674 30.775 30.83478 30.73913 30.82826 30.89022 30.91304 30.98587 30.93478 30.70109 30.3913 29.73804 29.81304 30.17283 30.55 30.575 30.10326 30.14674 30.48152 30.26304 29.88043 29.81304 29.99348 29.66739 29.48804 28.95652
30.51304 30.92826 31.49457 31.26957 30.11848 31.00543 31.47935 31.13043 30.95761 31.02609 30.9163 29.02826 29.31956 28.69674 27.95 28.23261 28.75217 28.57826 27.43152 26.34456 26.71413 26.76087 26.8 27.50652 27.62174 29.03804 29.825 28.4 28.19239 29.31196 28.58587 29.68587 30.30761 29.65435 29.03044 27.85 27.18696 28.33913 29.40544 29.54565 29.84783 30.43152 30.70109 30.76413 30.76413 30.78261 30.80544 30.79348 30.85652 30.7587 30.71739 30.84891 30.66522 30.32391 30.22935 29.6337 29.89565 30.2087 30.52065 30.61848 30.25543 29.51957 30.26413 29.93587 29.67935 29.73043 29.64022 29.89022 29.51739 29.22935
30.84565 31.37717 31.57283 31.37391 30.15761 30.85 31.28044 30.91413 30.71413 30.87826 30.81196 29.03478 29.63804 28.53152 29.125 29.22826 29.27935 29.4163 27.03587 27.36413 28.35978 28.725 28.09891 27.58913 28.97283 29.15217 29.31956 28.20435 28.64674 29.99457 30.02717 30.59565 30.94348 30.3913 29.71196 28.80761 28.09348 28.0913 28.47826 29.07717 30.48152 30.64783 30.73587 30.76413 30.76413 30.78261 30.80544 30.79348 30.85652 30.7587 30.71739 30.84891 30.66522 30.32391 30.22935 29.6337 29.89565 30.07283 30.28261 30.38261 30.33478 30.13152 29.87826 29.96196 30.01304 30.01196 29.59022 29.63587 29.26196 29.47391
31.58152 31.66413 31.55652 31.4913 30.26739 30.7087 31.02935 31.09891 30.82283 30.84022 30.63478 29.24891 30.02283 29.2663 29.58913 29.84456 29.53044 28.79022 26.13152 26.92717 28.15652 29.25326 29.63152 29.50761 29.78261 29.40652 30.13804 30.01739 30.25652 30.61848 30.46956 30.56087 30.68804 30.22609 30.2163 29.80761 29.14783 28.59674 28.66957 29.63478 30.65326 30.72935 30.67174 30.78804 30.80652 30.80109 30.78804 30.76848 30.825 30.71848 30.72609 30.83043 30.72717 30.48913 30.28152 29.37826 29.74348 30.07283 30.28261 30.38261 30.33478 30.13152 29.87826 29.96196 30.01304 30.01196 29.59022 29.63587 28.98152 29.62826
31.81304 31.66304 31.41848 31.42609 30.3837 30.39239 30.65652 30.95217 30.9163 30.77935 30.24891 29.06739 29.74457 29.96522 30.075 29.8 29.16848 28.09456 26.76304 26.93478 28.04565 28.86957 29.06413 28.69891 28.38261 29.23478 30.35326 30.31848 30.62609 31.19783 31.25217 31.32609 30.99348 30.09022 29.42826 28.65544 27.76413 28.92391 29.38804 29.57283 30.61413 30.87935 30.86522 30.83804 30.9087 30.87717 30.82283 30.79783 30.82609 30.84239 30.80869 30.5337 30.35326 30.16087 29.76413 29.2913 29.72391 30.26522 30.32065 30.05435 29.99891 30.22609 29.42717 29.52935 29.84891 29.99022 29.64348 29.16196 28.98152 29.62826
31.79891 31.675 31.6087 31.22391 30.14565 29.88043 30.36522 30.64239 30.20978 30.20435 29.38587 28.35543 29.40544 30.15761 30.42935 29.69891 28.83804 27.78696 26.41522 27.2913 27.41196 27.96304 28.19565 28.06739 28.08043 27.82174 28.38478 29.08913 30.30544 31.19565 31.39891 31.12935 29.97065 29.725 29.70109 29.19456 28.77826 29.84891 29.85217 30.02609 30.18587 30.30217 30.67174 30.84565 30.95978 30.94674 30.87935 30.81304 30.87391 30.96522 30.87935 30.59456 30.51848 30.26848 29.65978 30.02609 30.17391 30.18913 30.05869 29.73696 29.52609 30.00652 29.44674 29.14457 29.22935 29.34674 29.10652 28.93587 28.875 29.19565
31.68044 31.59891 31.57717 31.40761 30.56848 29.94022 30.0337 30.54783 30.02609 29.425 28.28044 28.43369 29.58913 30.28478 30.21196 29.45326 28.85652 28.21956 27.2663 27.81522 27.68587 28.11739 28.61957 28.78152 28.57174 27.55544 29.35978 30.16739 31.0337 31.41848 31.2087 30.92609 30.38696 30.49457 30.24348 30.05109 29.80109 29.80544 30.20543 30.41848 30.60326 30.225 30.92935 31.03913 31.05217 30.95109 30.925 30.92826 30.87717 30.92826 31.02609 30.9913 30.54457 30.06304 29.67935 29.90761 30.48043 30.04022 29.42935 28.98804 29.0163 29.90544 29.975 29.20543 28.91848 28.7163 28.40978 28.53696 29.07065 29.26739
