data/maps/tmax_sum.txt
ncols         643
nrows         661
xllcorner     8446.4670181785
yllcorner     47745.068022667
cellsize      1000
NODATA_value  -9999
[rows 310 to 340 of 661, columns 140 to 209 of 643]
-9999 -9999 -9999 -9999 -9999 -9999 -9999 -9999 -9999 -9999 -9999 -9999 30.49891 30.45 30.37174 30.25109 29.94783 30.28913 30.45109 30.33804 30.25 30.16739 30.38478 30.77391 30.80652 31.28044 31.51957 31.5 31.51522 31.63043 31.65326 31.55217 31.63587 31.49457 31.56739 31.54348 31.58587 31.69131 31.80217 31.9587 31.97174 31.85217 31.80869 31.79565 31.94674 32.175 32.19891 32.26413 32.3413 32.44565 32.42935 32.44674 32.48043 32.45 32.5337 32.57826 32.55435 32.55 32.61413 32.61304 32.55 32.44565 32.44456 32.58478 32.58587 32.53696 32.39891 32.40652 32.70869 32.47609
-9999 -9999 -9999 -9999 -9999 -9999 -9999 -9999 -9999 -9999 -9999 30.575 30.58152 30.57283 30.49348 30.38043 30.24348 30.07935 30.29022 30.18913 30.1087 29.92935 30.16304 30.66413 30.63587 30.85435 31.17065 31.16304 31.24348 31.36196 31.38587 31.38913 31.44565 31.39783 31.44456 31.59348 31.66848 31.62826 31.65978 31.8663 31.93913 32.00544 31.93913 32.1413 32.01413 31.92174 32.25326 32.33043 32.37935 32.40326 32.33152 32.36196 32.54457 32.52935 32.64457 32.72065 32.59348 32.525 32.53696 32.53261 32.48261 32.42609 32.38044 32.56087 32.62391 32.59239 32.55109 32.47283 32.33261 32.31413
-9999 -9999 -9999 -9999 -9999 -9999 -9999 -9999 -9999 -9999 30.59565 30.56304 30.44674 30.48478 30.54565 30.53261 30.45761 30.4663 30.35326 29.90978 29.40326 29.69022 30.22065 30.50217 30.63478 30.34239 30.99457 31.16739 31.20761 31.3 31.40435 31.37391 31.11522 31.1587 31.39565 31.44131 31.49457 31.57717 31.60326 31.71739 31.87609 31.97609 32.05109 32.18261 32.14674 32.09783 32.26196 32.32283 32.36956 32.36848 32.3587 32.39239 32.54457 32.58152 32.74348 32.73587 32.66957 32.62717 32.56956 32.525 32.49783 32.46304 32.4663 32.59022 32.68261 32.72283 32.63804 32.59457 32.74783 32.93804
-9999 -9999 -9999 -9999 -9999 -9999 -9999 -9999 -9999 30.62065 30.59674 30.57935 30.45217 30.40435 30.43696 30.43696 29.95978 30.175 29.61413 29.36413 29.57283 30.07826 30.45761 30.61196 30.63261 30.29348 30.63804 31.19022 31.2337 31.30217 31.51848 31.55435 31.53696 31.46304 31.5913 31.37609 31.38587 31.475 31.31956 31.525 31.93152 32.03261 32.04782 32.18478 32.225 32.23587 32.26957 32.28804 32.34348 32.36956 32.43152 32.45 32.54457 32.64457 32.64239 32.69783 32.64674 32.62391 32.58913 32.58913 32.5913 32.52174 32.52826 32.58152 32.67717 32.79131 32.8163 32.79022 32.85435 32.99022
-9999 -9999 -9999 -9999 -9999 -9999 -9999 -9999 -9999 -9999 -9999 -9999 -9999 30.46739 30.37174 30.28804 29.91196 29.74022 30.12609 29.62935 29.84239 30.32609 30.62283 30.72391 30.77174 30.24457 30.13478 30.78587 31.22065 31.35217 31.47391 31.62283 31.42065 31.42717 31.73913 31.75435 31.68913 31.62609 31.69022 31.88587 32.02391 32.05652 32.09674 32.17609 32.24783 32.27826 32.27065 32.29891 32.40326 32.49783 32.54022 32.54457 32.55761 32.60652 32.73696 32.70978 32.62935 32.60761 32.60543 32.64565 32.68587 32.65543 32.68261 32.59348 32.64891 32.72826 32.78913 32.83804 32.91413 33.025
-9999 -9999 -9999 -9999 -9999 -9999 -9999 -9999 -9999 -9999 -9999 -9999 -9999 -9999 -9999 -9999 30.17609 29.78261 30.14565 29.89674 30.08478 30.48043 30.7087 30.8 30.89891 30.50109 30.19565 30.59348 30.97391 31.31631 31.56631 31.59891 31.47717 31.43804 31.76304 31.82065 31.73696 31.7087 31.81739 31.83587 31.92065 32.03804 32.06956 32.23696 32.32391 32.31848 32.27391 32.31848 32.61413 32.55761 32.5 32.52609 32.54457 32.58696 32.6413 32.62391 32.62609 32.59348 32.62065 32.63804 32.68478 32.73913 32.78261 32.76087 32.68261 32.66631 32.79674 32.91631 32.9413 32.95978
-9999 -9999 -9999 -9999 -9999 -9999 -9999 -9999 -9999 -9999 -9999 -9999 -9999 -9999 -9999 -9999 30.31739 30.15761 30.11522 30.21522 30.18152 30.05 30.29022 30.69891 30.77826 30.49348 30.17283 30.62283 30.8837 31.24239 31.60652 31.62283 31.46739 31.44131 31.775 31.78152 31.83261 31.80761 31.73587 31.86739 31.93478 31.9663 32.06739 32.26957 32.29239 32.26413 32.34783 32.60978 32.51413 32.44022 32.47283 32.5663 32.66087 32.61304 32.56522 32.61196 32.62174 32.62609 32.6587 32.67174 32.66522 32.59674 32.68261 32.84348 32.70543 32.81196 32.92935 32.77391 32.56413 32.75435
-9999 -9999 -9999 -9999 -9999 -9999 -9999 -9999 -9999 -9999 -9999 -9999 -9999 -9999 -9999 -9999 -9999 30.37717 30.17826 30.4587 30.32283 29.99457 30.21413 30.6663 30.71196 30.34022 30.67826 30.85652 30.93152 31.12283 31.43261 31.6163 31.45652 31.55869 31.75978 31.71956 31.75652 31.77717 31.75543 31.88478 31.92935 31.89565 32.0337 32.2587 32.28043 32.29239 32.35543 32.47174 32.39674 32.43152 32.62717 32.65978 32.70761 32.78043 32.75326 32.82283 32.8663 32.87826 32.78478 32.71413 32.70326 32.70543 32.7163 32.67935 32.84348 32.88478 32.83152 32.61413 32.44891 32.64239
-9999 -9999 -9999 -9999 -9999 -9999 -9999 -9999 -9999 -9999 -9999 -9999 -9999 -9999 -9999 -9999 -9999 30.47935 30.1587 30.68804 30.53044 30.23913 30.34891 30.61957 30.69131 30.49674 30.83043 31.08043 31.03152 31.10435 31.41848 31.62065 31.46848 31.53478 31.82065 31.80978 31.81739 31.78587 31.73043 31.75543 31.86957 31.92826 31.88261 32.26522 32.32174 32.3413 32.4337 32.44674 32.43478 32.45652 32.52609 32.53587 32.6163 32.68913 32.78043 32.85978 32.92717 32.93478 32.90543 32.925 32.95109 32.93587 32.91196 32.93804 32.91631 32.53804 32.20326 32.375 32.49891 32.15543
-9999 -9999 -9999 -9999 -9999 -9999 -9999 -9999 -9999 -9999 -9999 -9999 -9999 -9999 -9999 -9999 -9999 30.47935 30.1587 30.68804 30.53044 30.23913 30.34891 30.61957 30.69131 30.49674 30.83043 31.08043 31.03152 31.10435 31.41848 31.62065 31.46848 31.53478 31.82065 31.80978 31.81739 31.78587 31.73043 31.75543 31.86957 31.92826 31.88261 32.26522 32.32174 32.3413 32.4337 32.44674 32.43478 32.45652 32.52609 32.53587 32.6163 32.68913 32.78043 32.85978 32.92717 32.93478 32.90543 32.925 32.95109 32.93587 32.91196 32.93804 32.91631 32.53804 32.20326 32.375 32.49891 32.15543
-9999 -9999 -9999 -9999 -9999 -9999 -9999 -9999 -9999 -9999 -9999 -9999 -9999 -9999 -9999 -9999 -9999 -9999 -9999 -9999 30.5913 30.34674 30.55217 30.89891 30.90544 30.77609 31.06304 31.15217 31.15761 31.17717 31.33587 31.52826 31.46087 31.49239 31.74891 31.79022 31.84565 31.82391 31.74022 31.74239 31.81087 31.9087 31.96413 32.2 32.37283 32.37935 32.41196 32.425 32.47717 32.51087 32.59022 32.65435 32.6837 32.72609 32.85761 32.93478 32.93913 32.90217 32.81956 32.86739 32.95326 32.95 32.89348 32.84239 32.71087 32.425 32.38804 32.53478 32.43152 32.14783
-9999 -9999 -9999 -9999 -9999 -9999 -9999 -9999 -9999 -9999 -9999 -9999 -9999 -9999 -9999 -9999 -9999 -9999 -9999 -9999 -9999 30.49348 30.63804 30.90326 31.01087 30.99348 31.10978 31.16957 31.12065 31.09565 31.14674 31.28804 31.43587 31.50217 31.63913 31.68152 31.76196 31.79891 31.77826 31.80326 31.89891 31.925 32.03804 32.19348 32.30109 32.36848 32.45869 32.46413 32.55217 32.56739 32.68913 32.75109 32.72174 32.75978 32.875 32.96848 32.9 32.82391 32.85435 32.86739 32.90326 32.93044 32.78043 32.72826 32.33261 31.91739 31.96196 32.24891 32.14022 31.65652
-9999 -9999 -9999 -9999 -9999 -9999 -9999 -9999 -9999 -9999 -9999 -9999 -9999 -9999 -9999 -9999 -9999 -9999 -9999 -9999 -9999 30.81304 30.89457 31.01196 31.08913 31.11739 31.19891 31.14674 31.11087 31.18696 31.21087 31.21739 31.44131 31.71087 31.72717 31.76087 31.79674 31.87283 31.9 31.89348 32.06087 32.08913 32.0587 32.18261 32.25109 32.31522 32.40109 32.44456 32.57826 32.62065 32.70652 32.72935 32.70761 32.75 32.82174 32.9837 33.01087 33.02935 33.06739 32.99783 32.95 32.95869 32.81196 32.67174 32.08478 32.10652 31.70326 31.69565 31.97609 31.95
-9999 -9999 -9999 -9999 -9999 -9999 -9999 -9999 -9999 -9999 -9999 -9999 -9999 -9999 -9999 -9999 -9999 -9999 -9999 -9999 30.9837 31.03587 31.07283 31.09456 31.11522 31.15761 31.23152 31.15326 31.13152 31.17391 31.18696 31.18152 31.27826 31.56087 31.88152 31.91848 31.92391 31.9087 31.87717 31.86304 31.99783 32.10217 32.08696 32.19783 32.30326 32.35543 32.38587 32.42282 32.55217 32.55761 32.71957 32.74783 32.72609 32.79131 32.85326 32.97174 32.99783 32.9837 33.05544 33.03804 32.98261 32.95869 32.86304 32.43587 32.22826 31.90978 32.07609 32.01848 31.89891 32.14239
-9999 -9999 -9999 -9999 -9999 -9999 -9999 -9999 -9999 -9999 -9999 -9999 -9999 -9999 -9999 -9999 -9999 -9999 -9999 -9999 31.07283 31.08804 31.03044 31.05109 31.14674 31.17935 31.18804 31.17283 31.17174 31.18261 31.19239 31.19674 31.23804 31.4163 31.81196 31.79022 31.76957 31.78261 31.82391 31.88261 31.92609 32.08587 32.1587 32.22391 32.3587 32.41196 32.41522 32.42826 32.51304 32.50435 32.5663 32.68587 32.86739 32.88804 32.88696 32.94348 32.96196 32.98804 33.01196 33.01087 32.96304 32.87826 32.69239 32.02065 32.03152 31.87174 32.02065 32.14022 32.17826 32.32935
-9999 -9999 -9999 -9999 -9999 -9999 -9999 -9999 -9999 -9999 -9999 -9999 -9999 -9999 -9999 -9999 -9999 -9999 -9999 -9999 -9999 -9999 -9999 31.17391 31.16848 31.16304 31.19131 31.20217 31.2413 31.24022 31.22826 31.23804 31.24565 31.27174 31.42609 31.6587 31.77391 31.8913 31.96522 31.96304 32.04782 32.16848 32.20435 32.37391 32.41957 32.43587 32.46739 32.49674 32.53152 32.59348 32.60652 32.6087 32.93913 32.96848 32.95652 32.97174 32.98587 32.99783 33.00435 32.99891 32.95978 32.87174 32.67717 32.12283 31.50978 31.76413 31.90544 32.17391 32.39348 32.475
-9999 -9999 -9999 -9999 -9999 -9999 -9999 -9999 -9999 -9999 -9999 -9999 -9999 -9999 -9999 -9999 -9999 -9999 -9999 -9999 -9999 -9999 -9999 31.2337 31.225 31.2163 31.22065 31.24891 31.26739 31.25109 31.23913 31.25 31.2663 31.32391 31.43369 31.80978 32.06087 32.05761 31.99783 32.08369 32.23043 32.2163 32.28696 32.45435 32.5087 32.55761 32.56087 32.575 32.60978 32.65652 32.66413 32.59783 32.83478 32.96739 32.92935 32.97826 32.9837 32.97935 32.93913 32.96413 32.99456 32.94348 32.63044 31.86522 31.57935 32.08369 32.0663 32.18587 32.31413 32.44022
-9999 -9999 -9999 -9999 -9999 -9999 -9999 -9999 -9999 -9999 -9999 -9999 -9999 -9999 -9999 -9999 -9999 -9999 -9999 -9999 -9999 -9999 -9999 31.20217 31.20543 31.2 31.20109 31.21196 31.23696 31.24891 31.28044 31.30109 31.29022 31.35326 31.56956 31.8587 31.93152 31.96087 31.99565 32.06304 32.26739 32.32826 32.39457 32.48696 32.54239 32.58369 32.61739 32.64022 32.66087 32.675 32.66739 32.65109 32.68913 32.77391 32.88913 32.86413 32.77826 32.93261 32.8587 32.86196 32.95 32.76739 32.32609 32.16957 31.94783 31.8663 31.975 32.22717 32.24239 32.26739
-9999 -9999 -9999 -9999 -9999 -9999 -9999 -9999 -9999 -9999 -9999 -9999 -9999 -9999 -9999 -9999 -9999 -9999 -9999 -9999 -9999 -9999 -9999 31.20109 31.21087 31.17717 31.13152 31.20217 31.25326 31.2663 31.3 31.33261 31.32391 31.32609 31.58152 31.65978 31.83804 31.97391 32.05435 32.11739 32.18696 32.35326 32.4337 32.51304 32.58696 32.62826 32.63913 32.66522 32.68044 32.70543 32.69456 32.68261 32.68478 32.68804 32.7337 32.83478 32.69783 32.83261 32.75652 32.83043 32.93696 32.81196 32.62065 32.37717 32.13152 32.26304 32.22935 32.41522 32.60652 32.68152
-9999 -9999 -9999 -9999 -9999 -9999 -9999 -9999 -9999 -9999 -9999 -9999 -9999 -9999 -9999 -9999 -9999 -9999 -9999 -9999 -9999 -9999 -9999 31.20109 31.21087 31.17717 31.13152 31.20217 31.25326 31.2663 31.3 31.33261 31.32391 31.32609 31.58152 31.65978 31.83804 31.97391 32.05435 32.11739 32.18696 32.35326 32.4337 32.51304 32.58696 32.62826 32.63913 32.66522 32.68044 32.70543 32.69456 32.68261 32.68478 32.68804 32.7337 32.83478 32.69783 32.83261 32.75652 32.83043 32.93696 32.81196 32.62065 32.37717 32.13152 32.26304 32.22935 32.41522 32.60652 32.68152
-9999 -9999 -9999 -9999 -9999 -9999 -9999 -9999 -9999 -9999 -9999 -9999 -9999 -9999 -9999 -9999 -9999 -9999 -9999 -9999 -9999 -9999 -9999 -9999 -9999 -9999 -9999 31.25543 31.2663 31.26196 31.28152 31.33152 31.32174 31.27826 31.56413 31.63696 31.81087 31.96087 32.08587 32.20652 32.27174 32.37174 32.46522 32.49456 32.54239 32.61087 32.66413 32.67935 32.67717 32.70326 32.69239 32.70869 32.71739 32.71522 32.75 32.90652 32.84239 32.95543 32.81739 32.84022 32.92826 32.90761 32.73587 32.68913 32.75 32.36739 32.49674 32.14891 32.24239 32.74783
-9999 -9999 -9999 -9999 -9999 -9999 -9999 -9999 -9999 -9999 -9999 -9999 -9999 -9999 -9999 -9999 -9999 -9999 -9999 -9999 -9999 -9999 -9999 -9999 -9999 -9999 -9999 31.21196 31.24891 31.30326 31.35435 31.39348 31.44891 31.51522 31.49891 31.57935 31.74891 31.93804 32.04348 32.08804 32.14239 32.2163 32.45109 32.48043 32.49348 32.57065 32.63587 32.66631 32.6413 32.65652 32.66631 32.73804 32.77826 32.76848 32.74891 32.8087 32.98804 32.96087 32.83913 32.91522 32.87065 32.95978 32.91739 32.76739 32.60652 32.79457 32.3413 32.19022 32.55109 32.97174
-9999 -9999 -9999 -9999 -9999 -9999 -9999 -9999 -9999 -9999 -9999 -9999 -9999 -9999 -9999 -9999 -9999 -9999 -9999 -9999 -9999 -9999 -9999 -9999 -9999 -9999 -9999 31.30761 31.30761 31.35217 31.38804 31.41522 31.48043 31.59348 31.51739 31.71848 31.8913 32.03696 32.05326 32.00109 32.07174 32.13696 32.20652 32.5163 32.57826 32.59239 32.62174 32.65652 32.64783 32.72935 32.72609 32.68587 32.70978 32.73261 32.74783 32.78261 32.87935 32.9337 32.86739 32.94239 32.90326 32.9663 33.00326 32.96848 32.81413 32.94456 32.73152 32.63804 32.44674 32.56956
-9999 -9999 -9999 -9999 -9999 -9999 -9999 -9999 -9999 -9999 -9999 -9999 -9999 -9999 -9999 -9999 -9999 -9999 -9999 -9999 -9999 -9999 -9999 -9999 -9999 31.325 31.39457 31.41196 31.4087 31.42065 31.45326 31.49239 31.56956 31.65978 31.6087 31.82609 31.9163 32.02609 32.04782 31.9913 32.00544 32.05978 32.05978 32.35543 32.4 32.54891 32.67935 32.64891 32.54348 32.63152 32.67717 32.61848 32.7337 32.76848 32.7413 32.71196 32.67391 32.80652 32.9337 32.99239 32.93478 32.97717 33.04782 33.04457 32.81522 32.61413 32.94022 32.87609 32.85 33.03913
-9999 -9999 -9999 -9999 -9999 -9999 -9999 -9999 -9999 -9999 -9999 -9999 -9999 -9999 -9999 -9999 -9999 -9999 -9999 -9999 31.32609 31.44022 31.46196 31.47391 31.39674 31.45761 31.46522 31.52609 31.50543 31.57717 31.63587 31.68587 31.73152 31.74457 31.83804 31.91848 31.92717 32.04891 32.16848 32.225 32.2413 32.21196 32.10326 32.27935 32.22609 32.33587 32.55978 32.64565 32.54782 32.63804 32.70761 32.62717 32.65543 32.62174 32.58261 32.62391 32.6 32.72935 32.86304 32.96957 32.96304 33.04674 33.13152 33.05978 32.72826 32.7837 32.63478 32.95978 33.16087 33.25652
-9999 -9999 -9999 -9999 -9999 -9999 -9999 -9999 -9999 -9999 30.77609 30.79783 30.73587 30.84891 30.8413 30.825 30.84565 30.91413 31.12065 31.45326 31.46739 31.39457 31.49565 31.56848 31.48478 31.58587 31.61957 31.65109 31.69022 31.71087 31.77174 31.78587 31.78044 31.88478 32.00652 32.00109 32.02283 32.13696 32.24891 32.28478 32.28804 32.34457 32.33587 32.43478 32.32718 32.24674 32.45435 32.69565 32.65217 32.68261 32.61304 32.56522 32.52609 32.52174 32.55435 32.58587 32.58587 32.63044 32.93913 33.00652 33.05326 33.1913 33.16957 33.1163 33.01087 33.00761 33.04131 33.04457 33.19022 33.32609
-9999 -9999 -9999 -9999 -9999 -9999 -9999 -9999 -9999 -9999 30.80217 30.80435 30.81956 30.82717 30.83804 30.85109 30.86848 30.94674 31.22935 31.51087 31.58587 31.52609 31.57717 31.62391 31.65544 31.70978 31.73152 31.70109 31.76196 31.79022 31.78044 31.75543 31.7837 31.91957 32.10652 32.18587 32.14674 32.21196 32.31739 32.32391 32.30109 32.41957 32.49674 32.52609 32.49348 32.46413 32.54239 32.66848 32.68044 32.60978 32.53804 32.51957 32.5 32.5087 32.52717 32.5587 32.61196 32.74348 33.08152 33.16304 33.20761 33.26196 33.19565 33.17282 33.05217 33.1087 33.11413 33.17935 33.24239 33.3087
-9999 -9999 -9999 -9999 -9999 -9999 -9999 -9999 -9999 -9999 -9999 -9999 -9999 -9999 -9999 -9999 -9999 -9999 31.42283 31.48261 31.3837 31.42391 31.46304 31.52826 31.75652 31.75543 31.71522 31.72717 31.69456 31.7587 31.75543 31.76196 31.84891 31.97391 32.17717 32.27935 32.2663 32.30544 32.30435 32.30435 32.29131 32.23261 32.28587 32.575 32.59674 32.55217 32.54131 32.61087 32.61739 32.56413 32.53261 32.51087 32.5087 32.51413 32.53043 32.56739 32.64348 32.80326 33.22717 33.30978 33.26848 33.14022 33.18044 33.16413 33.12826 33.21087 33.19239 33.25544 33.32718 33.29782
-9999 -9999 -9999 -9999 -9999 -9999 -9999 -9999 -9999 -9999 -9999 -9999 -9999 -9999 -9999 -9999 -9999 -9999 31.24891 31.22935 31.63804 31.70978 31.6413 31.63152 31.70217 31.71087 31.92174 31.92391 31.79674 31.78261 31.81413 31.87826 31.93913 31.98804 32.27826 32.31956 32.34239 32.29891 32.29674 32.39457 32.42609 32.21304 32.23804 32.57609 32.61956 32.50217 32.5 32.60217 32.6 32.57283 32.54782 32.52609 32.52826 32.54239 32.60109 32.70869 32.82826 32.80761 33.05761 33.1337 33.06087 33.08261 33.13478 33.10978 33.12283 33.21196 33.26848 33.28913 33.30435 33.09457
-9999 -9999 -9999 -9999 -9999 -9999 -9999 -9999 -9999 -9999 -9999 -9999 -9999 -9999 -9999 -9999 -9999 -9999 31.24891 31.22935 31.63804 31.70978 31.6413 31.63152 31.70217 31.71087 31.92174 31.92391 31.79674 31.78261 31.81413 31.87826 31.93913 31.98804 32.27826 32.31956 32.34239 32.29891 32.29674 32.39457 32.42609 32.21304 32.23804 32.57609 32.61956 32.50217 32.5 32.60217 32.6 32.57283 32.54782 32.52609 32.52826 32.54239 32.60109 32.70869 32.82826 32.80761 33.05761 33.1337 33.06087 33.08261 33.13478 33.10978 33.12283 33.21196 33.26848 33.28913 33.30435 33.09457
-9999 -9999 -9999 -9999 -9999 -9999 -9999 -9999 -9999 -9999 -9999 -9999 -9999 -9999 -9999 -9999 -9999 -9999 31.41957 31.26196 31.525 31.60652 31.5413 31.52717 31.7163 31.76522 31.8663 31.86848 32.02174 31.98261 31.93478 32.04891 32.14457 32.01848 32.08261 32.16631 32.33478 -9999 -9999 32.51522 32.54782 32.54131 32.2663 32.56739 32.61522 32.61522 32.57609 32.5663 32.60978 32.59565 32.57826 32.57718 32.59348 32.59891 32.68587 32.75544 32.74783 32.76196 33.00435 32.95869 32.99674 33.075 33.21957 33.3087 33.21087 33.22935 33.39457 33.425 33.4 33.1
