data/maps/tmax.txt
ncols         643
nrows         661
xllcorner     8446.4670181785
yllcorner     47745.068022667
cellsize      1000
NODATA_value  -9999
[rows 155 to 185 of 661, columns 280 to 349 of 643]
19.35863 19.1137 17.86 17.96247 18.50521 18.97726 18.27863 17.14822 17.2811 16.95425 17.64301 17.98904 18.18822 18.26932 18.83589 18.97315 18.60712 18.37863 18.59781 18.50329 18.0589 17.5337 17.28 16.31726 15.63123 15.10575 14.85425 14.91014 15.5126 15.95945 16.29397 15.9674 15.40575 16.31452 16.08877 17 17.20849 17.10247 17.41863 17.18082 16.26027 15.01534 14.98438 14.95123 15.17534 15.42931 15.12712 16.28027 15.32301 16.46438 17.08 15.85343 13.64137 13.33616 12.80658 12.69562 13.08986 13.95425 14.3074 15.17863 15.36986 14.50575 15.20986 15.65644 15.18795 15.81343 16.59096 15.51808 15.25507 15.34082
19.51068 19.31397 18.94274 19.04822 19.32137 19.13808 18.60219 17.89753 17.52493 18.00055 18.5 18.88082 18.82658 18.80466 19.1211 19.03425 18.8337 18.91151 18.33808 17.92192 17.48493 17.12712 17.02411 16.62384 16.20712 15.64603 15.00849 15.36356 14.47233 14.89753 15.79616 16.22027 16.06904 16.41863 16.04658 16.55151 17.22904 17.43616 17.41863 17.18082 16.26027 15.01534 14.98438 14.95123 15.17534 15.42931 13.7389 14.04986 15.23699 15.93973 17.04247 17.04027 15.59671 13.48521 13.75589 14.21014 13.33151 14.28575 14.95151 14.77315 16.45753 14.82192 15.33945 16.55644 16.87151 15.93945 16.28849 15.44932 13.95205 13.59644
19.4389 19.19315 18.99507 19.62822 19.6189 19.51397 19.00329 18.55671 18.59151 18.60548 18.77753 18.92986 18.77425 18.76877 18.62411 18.50137 18.5411 18.19671 18.04712 17.47151 17.02603 17.00055 16.94274 16.41014 15.98137 15.81836 15.3526 15.09945 15.39699 15.52082 16.02329 16.37479 16.5726 16.72411 16.56493 16.19863 16.93507 16.57945 16.49753 17.12849 16.94603 15.51781 16.24548 15.81479 15.12301 14.56712 13.7389 14.04986 15.23699 15.93973 17.04247 17.04027 15.61945 13.93069 15.61781 15.34548 14.2463 14.49479 15.34384 14.8326 16.12959 15.82137 15.32493 15.79123 17.2137 15.90055 15.66493 14.10712 14.04712 14.50658
19.10575 19.03041 19.32575 19.66959 19.29945 19.32247 19.45589 19.38 19.10466 18.96411 19.35342 18.87288 18.46767 18.22931 18.29206 18.66603 18.35233 17.40356 17.56219 17.26712 17.08795 16.67781 16.55671 15.86712 16.04356 16.33589 15.25507 14.78301 15.67726 15.65863 16.03918 16.13452 16.13479 16.11671 16.03589 17.12384 16.52822 14.98822 14.94 16.2589 16.89973 16.98603 16.69096 16.82822 15.85534 14.06521 13.19069 14.34795 14.0789 16.49178 17.40603 17.04931 15.61945 13.93069 15.61781 15.34548 14.2463 14.49479 15.34384 14.90247 14.86027 16.95233 14.95589 14.55781 17.42959 16.21206 14.34466 12.75151 12.80685 13.53397
19.03452 19.04274 19.69973 19.49014 19.36904 19.39945 19.40493 19.38603 19.43644 19.51534 19.46493 18.32192 18.25534 18.28904 18.3926 18.47096 17.63534 16.93918 17.0652 17.27151 17.33178 17.01918 16.40274 16.01671 16.2989 16.2789 14.8674 14.56795 14.77836 15.42931 15.68384 15.27644 15.28658 15.35589 15.7463 17.13863 16.41096 14.85233 14.63671 15.78164 16.95863 17.54822 16.99836 16.6063 16.26027 15.38082 13.80849 12.47233 12.34493 15.68493 16.69945 16.85562 16.54055 14.99808 15.85205 15.01644 14.96685 13.68822 14.54027 14.90247 14.86027 16.95233 14.95589 14.55781 17.42959 16.91068 16.56548 15.02548 13.97973 14.47069
19.70356 19.75808 19.64438 19.09233 18.81206 18.93342 18.95288 18.62329 18.28685 18.53397 19.24548 17.84219 17.49425 17.69041 18.21863 18.35507 17.9348 17.37589 16.81096 17.22383 17.41288 17.31562 16.98877 16.43096 16.21014 16.00027 15.21068 14.81288 14.78384 15.75644 16.19945 15.83206 15.87068 16.14219 16.3011 16.72877 16.93342 15.7537 14.58466 14.85699 16.40356 17.45644 16.47041 15.9326 15.73671 15.16712 13.62849 11.85205 12.78658 15.69425 16.7811 16.94 16.20658 15.54274 14.92027 14.47808 13.69589 12.82794 13.98904 15.62904 15.35151 16.79342 16.30247 15.08603 16.47836 16.91068 16.56548 15.02548 13.97973 14.47069
19.70356 19.75808 19.64438 19.09233 18.58849 18.44027 18.56164 18.46959 18.13507 18.02877 18.86246 18.02466 17.56 17.41397 17.34384 17.39781 18.09671 18.16466 16.74438 17.05918 17.42 17.2526 16.94877 15.97233 16.28603 16.17671 15.13644 14.74 15.06082 15.37644 15.90137 15.71945 15.59973 16.03863 16.72658 16.90877 16.58849 15.70247 14.19425 13.96274 15.67671 17.41288 16.14356 16.90795 15.86 13.87452 12.86219 13.31863 13.28192 15.11562 16.22219 16.07068 15.43589 15.58932 14.40219 14.60849 13.99452 12.16137 13.0989 14.00247 14.38466 14.75945 15.54603 16.31781 16.25753 17.06658 17.92192 16.92192 16.40575 16.02192
19.64685 19.71041 19.5789 19.4211 18.58849 18.44027 18.56164 18.46959 18.13507 18.02877 18.86246 18.02466 17.56 17.41397 17.04575 16.86904 17.02794 17 16.72192 17.48603 17.49041 17.27973 16.83178 16.35781 16.28959 15.96712 14.00438 13.28712 13.67616 14.09781 14.43096 14.72356 14.9737 15.26493 16.81918 17.77781 15.83699 15.27178 14.78164 15.07315 16.21041 17.21534 17.28192 16.76219 15.10438 13.13973 12.15753 12.9274 14.89452 14.81753 16.44986 16.12658 15.61479 17.09726 14.80904 12.47342 13.76521 12.90658 12.42548 11.85863 11.43233 11.78247 12.67863 14.79014 16.96192 16.64356 17.29425 16.71726 16.78931 16.89315
19.41233 19.47315 19.31425 19.3926 18.31753 18.49918 18.93726 18.63178 18.23781 18.54 18.72247 18.79288 18.00192 17.36219 17.04575 16.86904 17.02794 17 16.72192 17.48603 17.49041 17.27973 16.83178 16.59616 15.51507 14.95562 14.56411 14.39205 14.68575 13.4526 13.34411 13.94411 14.67918 15.42027 17.13096 17.08767 16.33616 15.98849 15.15589 15.55699 16.78877 17.49781 17.00767 16.10986 14.67315 13.30575 12.4674 12.58877 13.77069 14.62493 15.90384 15.68493 15.91781 16.51534 13.87479 14.47863 16.19699 13.99726 14.68438 14.98027 13.50219 11.23205 14.09616 15.74877 17.50685 16.67425 15.45342 14.99589 15.92685 15.77918
19.69589 19.59178 19.50575 19.77315 18.96986 19.01644 19.27562 19.06164 18.9274 19.24027 19.18219 19.11589 18.7452 18.02219 17.35397 16.97096 16.77178 17.05479 17.20767 17.1011 17.16767 17.20877 16.96164 16.59616 15.51507 14.95562 14.56411 14.39205 14.68575 13.4526 13.34411 14.64247 14.53315 14.61096 16.76438 17.27918 16.78603 16.27699 15.09781 15.35562 16.67644 17.68575 16.82055 15.84603 14.15753 13.62575 13.77781 13.9074 14.50247 15.48411 15.3411 15.92137 16.85096 16.69973 14.46959 14.74658 16.70027 14.03808 13.28658 14.30411 15.34356 12.26274 12.59178 14.62356 17.16274 16.96466 15.68986 14.87699 16.28712 16.0011
19.84493 19.83562 19.8137 19.75507 19.59425 19.25589 19.44521 19.47068 19.4052 19.3663 19.02493 18.77123 18.53507 18.03644 17.56712 17.29534 17.28082 17.20137 17.26575 17.41918 17.20356 17.01288 16.9411 16.96712 16.34521 15.50548 14.6863 15.28466 15.96959 14.8737 14.26 14.64247 14.53315 14.61096 16.76438 17.27918 16.78603 16.27699 16.35397 15.93616 16.37507 17.31562 17.13808 15.31918 13.44767 13.44301 13.66548 13.54904 14.25781 15.37726 13.75644 15.23918 17 17.79562 17.76932 18.00685 15.79562 14.47507 13.88822 16.28411 17.14192 14.60548 12.37068 15.38931 17.12521 17.61123 16.12767 14.41616 16.94438 16.84657
19.93589 19.89452 19.79206 19.62082 19.56493 19.29808 19.36438 19.39836 19.35945 19.04137 18.22027 17.32849 18.21836 18.11507 17.69781 17.31644 17.27233 17.48164 17.38712 17.06301 16.67315 16.4589 16.35808 16.11808 15.11973 15.86027 15.55562 15.66274 15.97671 14.77699 14.66521 15.86548 15.06849 15.29178 16.20521 17.92685 16.81863 16.95205 16.35397 15.93616 16.37507 17.31562 17.13808 15.31918 13.44767 13.76849 13.11014 12.46356 13.25151 14.83425 11.65616 12.92959 14.82794 15.83699 16.54247 17.5389 17.8989 15.90055 14.30192 15.89069 16.67425 14.98411 15.55644 16.64795 18.33781 18.65863 18.02219 17.53617 18.2389 16.84137
19.5863 19.06247 19.04219 19.3663 19.20822 19.49123 19.06411 18.77123 18.7926 18.72055 18.09945 17.29096 16.86548 16.90466 17.02055 16.93973 16.87123 17.45617 17.35123 17.08 16.72219 16.32603 16.00384 15.63781 15.64411 16.16521 15.17288 15.41808 15.66685 16.22849 15.33726 15.74466 15.69233 15.38658 15.67151 17.98959 17.75452 18.05808 17.74959 17.42712 17.57836 17.86877 16.83753 14.83014 13.96603 13.76849 13.11014 12.46356 13.25151 14.83425 11.65616 12.92959 12.53151 14.03507 15.11699 15.65562 17.76657 17.81041 15.37726 16.67041 18.1663 17.92575 18.66767 18.32466 17.55918 18.06548 17.43644 18.49753 18.33781 18.43452
19.44082 18.44384 18.52521 19.29945 18.74849 19.50164 19.4063 19.20521 19.02055 18.81096 18.45041 17.81726 16.6737 16.80603 16.87069 16.71754 16.81644 17.64164 17.54438 16.42877 16.15808 15.97671 15.41233 14.93096 15.23041 16.20164 16.18055 16.22685 16.43123 16.47644 15.73699 15.22795 16.33753 15.97726 15.25973 15.52384 16.52548 17.49836 18.19425 18.31945 18.08438 17.76301 17.2737 14.81973 15.42849 15.56137 14.5589 13.20384 12.83671 13.8863 10.81425 11.1663 12.53151 14.03507 15.11699 15.65562 17.76657 17.81041 16.77753 17.26411 18.33836 18.63562 17.49397 16.55918 15.63753 17.07644 16.19699 15.15753 15.71534 18.28822
19.18603 17.69973 17.81808 18.93945 19.11233 19.26082 18.94246 19.16904 19.28849 19.01863 18.39534 17.64164 17.17397 16.85699 16.88164 16.93342 17.03973 17.51616 17.34055 16.94384 16.12767 15.81151 15.0137 14.18164 15.38411 15.39315 16.28931 16.77644 16.71123 16.66986 16.85644 17.04767 17.63918 16.70247 15.74493 14.74027 14.58521 17.06055 16.80767 17.84986 18.35069 18.05781 17.67014 16.47342 16.91205 16.25288 14.69863 13.58794 13.62658 13.87014 11.81671 11.61918 11.50219 12.11425 13.22027 14.14795 16.17178 17.89014 16.77753 17.26411 18.33836 18.63562 17.49397 16.55918 15.24685 16.93753 14.94192 14.39342 14.01616 16.18493
19.42712 18.49753 18.18986 18.67425 18.88274 18.65151 18.84329 18.93233 18.87836 18.88356 18.69233 17.8611 17.28055 16.61617 16.82685 17.1452 17.30329 17.62027 17.07178 16.89945 16.37644 15.99041 15.0937 13.75671 13.93151 14.85479 15.83589 16.79507 16.77205 16.48548 16.50219 17.18411 17.01973 17.10712 16.95315 15.97151 16.21918 16.53863 17.6189 18.24192 17.83041 17.22712 17.16164 16.5589 17.10164 16.48137 14.52137 13.59671 14.23973 14.43753 13.0411 13.35178 12.47836 12.18466 12.63808 14.09781 16.0789 16.90247 17.97699 18.37781 18.57781 17.81425 16.35069 14.86 15.24685 16.93753 14.94192 14.39342 14.01616 16.18493
19.42712 18.49753 18.18986 18.67425 18.46575 18.09945 18.77069 17.92247 17.44301 17.76384 18.28466 18.18411 16.84274 16.99479 17.25918 17.54521 17.77479 17.7548 16.97014 16.8063 15.74438 15.68274 15.52 14.86904 14.30301 15.49315 15.95123 16.40466 16.25589 15.96849 16.25178 16.22493 16.08685 16.98685 17.64548 17.72329 17.90329 17.85671 18.36329 17.48274 16.23945 15.19233 15.11205 14.62329 15.19836 15.95288 15.36 14.43342 14.43781 15.09041 14.42986 15.85233 15.80219 14.64548 13.9011 15.09945 16.36274 15.76329 18.29178 18.71726 18.0989 17.06192 16.40575 15.49041 15.52931 15.93151 16.73534 16.03069 15.7189 16.12082
19.32301 19.17589 18.77617 18.44767 18.46575 18.09945 18.77069 17.92247 17.44301 17.76384 18.28466 18.18411 16.84274 16.91945 17.45753 17.88274 17.73233 17.18027 16.82329 17.10877 16.48356 16.62384 16.48274 15.76384 14.72849 15.29534 16.01945 15.94685 15.76438 15.78356 15.95288 15.95616 16.57123 17.05534 17.46904 18.38329 18.11178 17.95836 18.01205 17.28219 15.85973 14.58493 14.54575 15.39507 14.14301 14.25726 13.41096 13.57069 15.07726 16.26849 15.27644 16.6937 17.38 16.78603 16.06767 16.61781 17.34603 16.06274 16.49479 18.63836 18.06384 17.23068 17.37699 17.39945 15.69699 15.24767 16.58082 15.84575 15.44466 14.66986
18.81178 19.35151 18.95617 18.0874 17.40795 17.96712 18.07589 17.77069 16.3337 16.13397 17.08986 17.30767 17.07151 16.91945 17.45753 17.88274 17.73233 17.18027 16.82329 17.10877 16.48356 16.62384 16.18685 15.54055 14.45589 13.74959 14.30685 14.45616 14.62411 15.02603 15.45041 15.36603 16.80247 18.22027 18.06658 17.90822 17.49589 16.91479 17.8611 16.83973 16.03288 16.05754 16.54521 16.73123 15.97753 14.75726 13.67479 13.98301 14.94575 15.62137 16.09342 16.5189 18.06603 18.12904 17.82685 17.89479 17.57452 16.05288 15.74384 17.04685 17.6748 18.28877 18.55233 18.58767 17.38849 16.04603 15.76466 15.80767 14.93205 14.19507
19.55178 19.66027 19.35562 18.14658 16.99151 18.20247 16.65096 16.69452 16.19315 15.02 14.74247 15.92658 17.67425 17.00575 17.6411 17.58411 17.38411 17.70658 17.57534 17.37836 16.25315 16.26521 16.18685 15.54055 14.45589 13.74959 14.30685 14.45616 14.62411 15.02603 16.55781 16.84986 17.12411 18.27671 18.06658 18.03342 18.39288 18.16849 18.06356 16.61041 15.96219 16.72493 17.10384 15.61069 15.08794 14.66877 13.82877 13.11699 13.26575 13.91781 14.10192 16.47096 16.39178 17.81753 18.70055 18.23726 17.42247 16.83616 15.79288 17.30658 18.18493 18.79233 18.45589 17.27781 16.94959 16.45342 16.17918 15.47671 15.44384 16.0611
19.44055 19.53479 18.97808 17.49507 16.72356 17.45123 15.6274 15.04027 15.47014 14.67041 14.03123 15.00767 15.88685 17.77014 17.9789 17.64548 17.08192 16.65699 16.76466 16.54603 15.71863 15.37014 15.08247 14.32822 13.30767 14.66192 14.56164 13.07397 14.38767 15.84931 16.55781 16.84986 17.12411 18.27671 18.06658 18.03342 18.39288 18.56767 17.42082 16.25068 16.60986 17.28466 16.91534 15.62904 16.08329 15.74274 14.73918 14.8126 15.02438 14.95041 15.35452 17.55671 18.0337 18.49507 18.80438 18.64795 17.90849 16.98219 17.67288 17.1726 17.86274 17.92164 17.53945 17.25863 16.10685 17.02932 16.71699 15.60548 16.28274 16.86246
19.50959 19.57151 18.83397 17.26877 16.07014 17.02384 15.66137 13.99945 14.37699 15.43973 15.75753 15.71014 16.79507 17.3548 17.76438 17.32 16.77069 16.48822 16.01178 15.85781 13.48082 13.69644 13.53315 13.04438 13.45151 15.49562 15.47397 13.18164 14.11863 15.10795 15.92274 17.54383 16.99781 17.84657 18.36931 18.53342 18.84822 18.56767 17.42082 16.25068 16.60986 17.28466 16.91534 15.62904 16.08329 15.48082 15.22959 16.34548 16.56822 15.63479 15.28493 17.49397 16.41671 16.32986 17.73288 18.87863 18.73452 18.60137 17.49753 18.73589 18.79288 18.32301 17.40329 17.02685 17.63123 17.2811 16.94329 16.35069 16.51096 17.31041
19.44877 19.53918 18.90767 17.80767 15.99918 15.76384 15.93205 13.88164 14.12027 15.38274 16.41836 16.88575 17.22493 17.9874 17.27699 16.84986 16.27781 16.10137 16.70931 15.87233 15.37534 14.55452 14.48712 14.89863 15.45726 16.9189 15.72575 14.34438 14.70521 14.88274 14.96548 15.57753 16.80493 17.53397 18.04795 18.18767 18.82 18.53397 16.9852 17.01041 17.45781 17.59452 16.98192 16.23233 16.73836 15.48082 15.22959 16.34548 16.56822 15.63479 15.28493 16.2326 16.72493 17.09233 17.96603 18.64192 18.46959 17.40986 16.5063 18.84219 18.92849 18.86027 18.68575 18.39562 17.63233 18.08192 18.04055 17.50657 17.2926 17.24493
19.3274 19.24767 18.85452 17.66548 15.5063 13.63589 14.10356 13.21863 14.03808 14.84192 15.99918 17.22575 17.83233 17.66685 17.03699 15.97808 15.79288 16.53342 17.13945 16.66384 15.67068 13.6011 14.54959 16.53178 17.28849 17.09233 16.82877 15.70712 16.07452 15.81644 15.03096 14.62575 16.35644 16.72904 17.35096 18.13945 18.77233 18.67397 17.96493 17.55562 18.03836 17.38931 16.42164 16.18986 16.82082 15.62055 15.59425 16.52219 17.04 16.49205 15.7074 16.2326 16.72493 17.09233 17.96603 18.64192 18.46959 17.40986 17.05507 17.34767 17.36712 18.16192 18.65014 18.28959 17.98575 17.75973 17.06603 16.60986 17.09315 17.68438
19.54658 19.00192 18.51452 17.41205 15.74932 12.62247 12.94986 14.10548 14.68329 15.33425 16.01589 16.97589 17.94685 17.36301 17.94575 17.26493 16.49479 16.48877 16.82274 16.19479 15.22603 14.01781 14.49041 15.58959 16.72712 17.66411 17.79863 15.79425 15.82137 16.88931 16.72603 16.05069 16.60959 18.24301 17.49178 18.35616 18.61507 18.37123 17.94575 18.00082 18.00795 17.05507 16.21945 16.26192 17.36658 17.2189 16.40493 17.35671 17.56027 16.72986 16.06055 16.67233 17.67068 17.4874 17.91918 18.4126 18.23041 17.41288 17.05507 17.34767 17.36712 18.16192 18.65014 18.28959 17.67616 18.30767 18.48384 18.21206 18.03836 17.89206
19.65343 19.36767 18.7389 16.73945 15.03288 13.84712 14.32192 15.05836 15.62767 16.3263 16.86658 17.35069 17.7074 17.38877 17.63288 17.63233 17.44685 16.93233 16.61014 16.89836 16.13178 15.63671 15.59753 15.48795 15.70794 17.0126 18.12822 16.48164 16.93616 16.75589 17.33479 17.69507 18.09644 18.71096 18.50137 18.55644 18.51671 17.99863 17.40055 16.32658 17.66356 16.84521 15.89014 16.27534 18.02274 18.11671 17.44493 17.75123 17.20466 16.48055 16.56767 17.29342 17.08795 17.40164 17.93151 18.51945 18.73068 18.24274 16.99945 17.59562 16.29836 16.93753 18.03836 18.18932 17.67616 18.30767 18.48384 18.44658 18.03836 17.89206
19.65343 19.36767 18.7389 17.31726 15.47425 15.36466 15.64959 15.41151 16.06466 16.55151 16.7137 16.98411 16.98137 16.7474 17.62794 18.07041 17.62548 16.84493 16.8326 17.6663 16.30301 16.69123 16.20438 15.6211 15.66575 16.58493 17.9274 16.36137 16.84027 17.07123 17.02986 18.16849 18.59589 18.46329 18.98356 18.96137 18.26877 16.64795 15.39589 15.25041 16.16219 16.57123 16.70329 17.25753 18.36767 18.62931 18.14247 17.29781 16.69726 16.87397 17.4126 17.59808 16.73644 17.39507 17.54055 18.28931 18.34109 17.06438 16.3274 16.46027 16.0926 17.16795 17.43315 16.79644 17.00247 17.2737 17.32986 17.36274 17.29342 17.38301
19.66384 19.42055 18.62301 17.31726 15.47425 15.36466 15.64959 15.41151 16.06466 16.55151 16.7137 16.98411 16.43123 16.42603 16.61452 17.42932 17.65343 17.49425 17.59616 17.64055 16.0674 17.10575 16.63863 16.50904 16.92849 17.18438 17.31562 16.40466 16.89863 17.40959 17.28767 18.06822 18.28384 19.2863 19.07753 18.9126 18.38986 16.39288 16.9926 16.27342 16.38603 15.4537 16.48082 17.17233 17.16795 17.33945 18.62411 17.78712 18.03315 18.25178 18.10548 17.65151 17.10904 17.60164 18.00274 18.51781 18.0137 16.86904 16.76657 16.93808 16.96356 17.37206 17.29014 17.06329 17.28466 16.63945 16.57507 16.55041 17.3137 16.9348
19.77507 19.59589 18.10301 16.56137 14.68247 14.08548 15.60959 16.17315 17.04219 17.29397 16.48164 16.20931 16.43123 16.42603 16.61452 17.42932 17.65343 17.49425 17.59616 17.64055 16.0674 17.16137 16.60877 17.04795 17.7874 17.44301 16.34 16.3537 17.1789 17.32137 17.88822 19.05616 18.5789 18.9937 18.89507 18.96164 17.60356 15.62301 17.72603 18.35836 16.83945 17.30822 15.94356 16.39068 17.56384 17.82274 18.86137 18.88137 18.09178 18.11205 18.20904 17.73479 16.74603 17.36164 17.67288 18.30795 18.20822 17.81178 18.25288 18.27671 18.14658 18.3063 18.04685 17.98877 18.59808 18.16548 17.33562 16.64603 16.43315 16.62082
19.63534 18.8548 18.19726 15.90849 14.20822 14.1063 16.34904 16.61507 16.70411 16.93123 16.33589 15.52575 15.48466 16.47288 15.51397 16.63973 17.62849 18.23096 17.96603 16.8137 15.60712 17.16137 16.60877 17.04795 17.7874 17.44301 16.34 16.3537 17.1789 17.91041 18.40932 18.87973 18.73507 18.22137 17.53863 18.27808 18.10329 16.8611 18.43808 18.38603 18.35699 17.51616 16.37534 16.53781 16.99918 17.08657 18.32055 18.96356 18.74795 17.92904 17.86959 17.99616 17.10794 15.88055 16.27726 17.48 18.61644 18.78137 17.98849 17.34932 18.03342 18.22055 18.56795 18.49671 18.10137 18.00438 17.48164 16.64301 16.26822 16.23945
19.18301 17.45233 17.38082 16.59123 15.44712 13.89808 14.14657 14.11918 15.61178 15.75233 15.95041 15.2074 15.17973 16.6474 16.4211 16.53945 17.80849 18.47699 17.83781 16.66575 16.32247 17.35507 16.75644 17.32329 17.94027 17.27452 16.26164 17.64301 16.87699 17.91041 18.40932 18.87973 18.73507 18.22137 17.53863 18.27808 18.10329 17.60548 18.38685 18.76082 18.51644 17.89041 16.58274 16.61671 16.71918 16.67233 17.82274 16.5263 17.69781 18.7589 18.31206 17.11233 16.27315 15.94795 17.49479 18.58575 18.58575 18.25315 17.83534 16.87206 16.63096 17.54274 18.09041 17.78521 16.9189 17.02822 17.67151 17.45233 16.47206 16.19205
